1 25.63966542 16.69340287
2 9.37500000 50.00000000
3 12.50000000 62.50000000
4 24.26909304 50.88052144
5 27.85605805 75.00000000
6 37.50000000 25.00000000
7 37.50000000 25.00000000
8 37.50000000 15.02922167
9 37.50000000 50.00000000
10 28.34531078 62.50000000
11 52.66382725 16.78490071
12 62.50000000 51.45014227
13 62.50000000 62.50000000
14 62.50000000 62.50000000
15 52.35685089 37.50000000
16 87.64553015 15.40954256
17 76.03369947 12.26796395
18 8.70253165 76.32932670
19 23.85325320 62.50000000
20 28.53089688 50.00000000
21 50.98214545 62.50000000
22 62.50000000 17.37394296
23 37.50000000 37.50000000
24 26.73024856 37.50000000
25 26.91899625 37.50000000
26 27.00393467 25.00000000
27 62.50000000 51.26673167
28 75.00702642 51.75995092
29 76.13867220 12.31101894
30 27.06919754 75.00000000
31 62.50000000 87.50000000
32 37.50000000 62.50000000
33 50.84492992 62.50000000
34 50.86110950 50.24029871
35 51.06337594 25.00497756
36 62.50000000 12.07986579
37 62.50000000 16.00128599
38 50.74930785 75.30706244
39 51.05904957 75.00000000
40 37.50000000 87.50000000
41 37.50000000 87.50000000
42 87.50000000 52.26563687
43 62.50000000 89.06250000
44 62.50000000 37.50000000
45 62.50000000 10.41233223
46 87.70746888 25.07040001
47 38.28571429 75.00000000
48 87.86307054 37.50000000
49 87.50891266 51.84372982
50 75.02146412 17.63103905
51 23.88871443 62.50000000
52 75.01816195 25.01110672
53 75.02361053 37.50000000
54 75.17286873 37.50000000
55 50.49509006 50.62010294
56 37.50000000 37.50000000
57 87.50000000 25.00000000
58 23.22919110 87.52582774
59 37.50000000 50.00000000
60 75.01373741 89.16666667
61 87.50000000 89.42307692
62 37.50000000 75.00000000
63 75.17554005 25.01005714
64 88.95228216 37.50000000
65 88.97609148 10.85928151
66 75.20606111 76.49981930
67 22.33676847 87.70662193
68 88.46153846 76.78571429
69 50.91554349 88.46153846
70 87.53565062 63.39285714
71 10.44303797 75.92908568
72 11.86708861 89.58333333
73 50.69058767 37.50000000
74 93.75000000 75.00000000
75 94.23076923 93.75000000
76 75.49019608 93.75000000
77 50.45777175 94.23076923
78 6.25000000 93.75000000
79 12.50000000 62.50000000
80 22.63078902 75.22956551
81 24.02232668 75.40463460
82 87.50000000 62.50000000
83 28.29384887 50.00000000
84 37.50000000 62.50000000
85 62.50000000 75.00000000
86 75.18270752 52.14936578
87 27.54066971 87.50000000
88 28.52756058 87.50000000
89 75.04918494 62.50000000
90 62.50000000 37.50000000
91 52.63941820 12.21774331
92 52.93342022 17.43497248
93 87.77027027 12.01324485
94 87.86902287 16.11965682
95 25.61347802 12.30409688
96 26.25028854 12.29241809
97 26.97494504 16.72049975
98 27.22219642 25.00000000
99 37.54377708 13.90144576
100 37.50000000 11.61014436
101 24.37411541 50.61283454
102 75.76300989 16.31434623
103 62.50000000 25.00000000
104 62.50000000 25.06470824
105 28.29412272 62.50000000
106 62.50000000 75.10235415
107 75.30451253 76.35525840
108 52.04181458 25.03982046
109 75.10303056 62.50000000
110 11.84497817 37.50000000
111 11.84497817 25.34323499
112 21.03376717 13.85820984
113 11.84210526 13.85740000
114 21.03376717 10.26850937
115 37.58755416 10.48571273
116 20.85348386 13.20595595
117 21.03376717 10.26850937
118 21.31825465 25.09442728
119 11.84210526 13.84243238
120 11.87227074 25.16125661
121 21.19078496 37.50000000
122 21.19078496 37.50000000
123 11.87227074 37.50000000
124 21.19078496 25.09836175
125 11.84210526 10.16650476
