1 6.65451645 23.58130900
2 8.99270987 24.12644096
3 8.99270987 24.12786446
4 5.48523464 12.50000000
5 5.48523464 12.50000000
6 6.45948189 21.92292476
7 88.28525623 75.01728735
8 8.82694020 23.24167129
9 11.27564673 24.41389043
10 11.72337278 58.11438547
11 5.48523464 21.68647627
12 75.18850295 87.50000000
13 24.20380899 63.34065285
14 40.72851237 87.50548068
15 37.47908152 87.50000000
16 42.03621735 75.00302680
17 40.74599624 87.50439339
18 40.75564652 87.57029419
19 37.19670397 87.50000000
20 11.83707511 49.82665963
21 24.17707040 64.06692440
22 51.58139929 87.50000000
23 37.50000000 87.50000000
24 23.62780289 76.86660810
25 23.76157333 63.17710289
26 41.35385395 62.69661168
27 37.50000000 62.50000000
28 12.26908125 63.23180956
29 37.49707235 75.00476197
30 37.40966156 62.72921156
31 75.56872801 87.50000000
32 75.10646880 87.50000000
33 11.26137718 49.74080575
34 37.47198424 87.50000000
35 11.45833333 58.65308445
36 62.50000000 75.00000000
37 51.95459282 87.50000000
38 40.53917250 75.00265741
39 40.56025518 75.00205397
40 37.49956397 75.00235486
41 40.58372723 75.00180755
42 40.57437308 75.00208188
43 40.59213961 75.00160671
44 40.71180634 75.00189802
45 37.49692382 75.00528952
46 40.91741918 87.50045967
47 37.49566778 62.52375292
48 37.48988527 62.57946035
49 37.49741302 75.00546495
50 37.49695730 62.51826344
51 40.61080243 75.00478855
52 41.09336213 87.50049503
53 41.81696258 62.50000000
54 51.58139929 75.00000000
55 37.49595756 62.52242277
56 37.48845362 62.53930424
57 37.49967663 75.00157012
58 52.08474648 75.00000000
59 51.43868384 75.00000000
60 40.54098134 75.00230743
61 37.49956884 75.00478810
62 37.49661617 87.50000000
63 37.49935326 75.00437941
64 24.58249411 63.06677791
65 23.99149138 63.56482695
66 40.76015438 87.50000000
67 40.89097989 75.00262179
68 37.49939146 62.51654333
69 37.49947839 62.50497240
70 51.60870084 87.50000000
71 37.49943939 75.00197137
72 41.14436002 62.50000000
73 37.49640672 62.51993135
74 23.81059098 62.63339360
75 37.49991307 62.57602414
76 40.55767721 75.00219466
77 41.47796976 62.50000000
78 24.19618726 58.41969296
79 12.03791379 63.34966905
80 9.34032265 77.39836998
81 11.57778276 64.57717461
82 9.88653656 76.93297866
83 12.39532765 49.78186855
84 24.00442484 57.90547577
85 23.50264849 59.28795888
86 12.24191434 61.01816442
87 12.20355026 61.00538678
88 12.15374377 63.98536206
89 12.48255461 49.96288004
90 7.94081512 75.94682948
91 8.79803070 75.80400271
92 10.09532873 56.32203539
93 9.56380408 24.70694522
94 9.19769126 76.55160848
95 5.06390585 76.87508528
96 6.79621916 66.89413980
97 9.34865436 64.73959650
98 11.37416959 64.86453851
99 11.41450592 65.04412489
100 9.01397107 23.25000000
101 23.71473445 59.67114308
102 7.63888889 4.72164843
103 77.33333333 6.58298906
104 6.94598084 77.01573968
105 12.01599268 55.39297290
106 11.80555556 10.63865937
107 11.11111111 8.77731874
108 10.41666667 6.91597812
109 24.32545832 63.02707009
110 12.19804846 63.14362381
111 23.14673333 62.59005517
112 12.44071005 64.16744829
113 37.48070178 58.85161299
114 41.26100862 62.55549737
115 75.15080236 87.50000000
116 62.50670211 12.49914350
117 87.50000000 62.50857792
118 37.23717655 75.00073061
119 51.48348817 87.50000000
120 12.21961643 63.09765068
121 37.39822943 87.70333466
122 23.96469082 77.08774582
123 23.79191445 77.46185918
124 23.41335455 87.52527007
125 23.24684026 87.71225439
126 37.10006786 87.50000000
127 22.88183247 87.55707115
128 40.75798962 62.80405346
129 12.10683704 78.68387917
130 37.50000000 75.00000000
131 87.50000000 54.59284044
132 23.86597342 77.38682387
133 51.66431153 75.00000000
134 87.50000000 62.62866881
135 51.55639872 87.50000000
136 87.74247128 75.00415077
137 62.59377206 87.50000000
138 41.37165204 87.56402492
139 23.86164371 76.86013564
140 23.44144180 76.17972594
141 37.44800348 87.60230254
142 23.68164837 58.48004566
143 41.83247782 75.00062624
144 23.82413280 77.49473172
145 75.00000000 75.00000000
146 10.93750000 57.11770097
147 24.15543681 66.18949066
148 40.64439842 87.56402492
149 51.83045761 87.50000000
150 24.24253904 76.41565317
151 54.50849315 25.00000000
152 88.52943642 89.18792865
153 23.65444645 87.65940248
154 37.44453704 87.60912271
155 37.44453704 87.60912271
156 12.50000000 65.90423326
157 51.84856069 75.00000000
158 24.08589807 77.24633612
159 62.50000000 75.00000000
160 37.49724311 58.42778741
161 23.75387575 57.86562350
162 41.93114482 12.50000000
163 24.91290127 24.98969217
164 24.91290127 24.98969217
165 24.91290127 24.98969217
166 37.50000000 12.50000000
167 37.50000000 12.50000000
168 41.90525214 12.50000000
169 24.83981842 24.98104307
170 24.83981842 24.98104307
171 24.83981842 24.98104307
172 37.50000000 12.50000000
173 37.50000000 25.00000000
174 37.50000000 12.50000000
175 37.50000000 12.50000000
176 11.33090329 24.67014941
177 24.45538263 12.50000000
178 24.56450633 12.50000000
179 24.99149830 25.00000000
180 37.50000000 25.00000000
181 24.90389105 24.98862584
182 24.98785476 37.50000000
183 24.98698724 37.50000000
184 12.50000000 37.50000000
185 12.50000000 37.50000000
186 12.50000000 37.50000000
187 12.50000000 37.50000000
188 12.50000000 37.50000000
189 24.98709986 37.50000000
190 24.98705013 37.50000000
191 24.98705013 37.50000000
192 24.99030003 37.50000000
193 24.98845301 37.50000000
194 24.98784589 37.50000000
195 24.98812562 37.50000000
196 12.50000000 37.50000000
197 12.50000000 37.50000000
198 24.99082249 37.50000000
199 37.50000000 12.50000000
200 24.99261191 49.74675735
201 37.50000000 25.00000000
202 41.86228037 25.00000000
203 12.50000000 37.50000000
204 12.50000000 37.50000000
205 12.50000000 37.50000000
206 24.98783304 37.50000000
207 37.50000000 25.00000000
208 24.98732680 37.50000000
209 42.02175697 25.00000000
210 42.01265725 12.50000000
211 42.04483476 12.50000000
212 42.03299378 12.50000000
213 42.03299378 12.50000000
214 42.10452633 25.00000000
215 42.02163947 25.00000000
216 42.06408045 25.00000000
217 12.50000000 49.73793757
218 37.50000000 25.00000000
219 50.74612913 56.84769219
220 50.90036540 62.50000000
221 42.01576100 25.00000000
222 41.91604398 12.50000000
223 12.50000000 49.75968272
224 37.50000000 25.00000000
225 37.50000000 12.50000000
226 37.50000000 25.00000000
227 41.81840153 12.50000000
228 41.78741467 12.50000000
229 41.99390132 12.50000000
230 41.80627751 12.50000000
231 50.63326788 62.50000000
232 37.50000000 12.50000000
233 37.50000000 12.50000000
234 23.75387575 57.86108843
235 50.55483952 55.38685709
236 41.78183578 25.00000000
237 37.50000000 25.00000000
238 37.50000000 25.00000000
239 41.80904386 25.00000000
240 41.80602692 25.00000000
241 50.55483952 55.34091237
242 37.50000000 25.00000000
243 37.50000000 12.50000000
244 37.50000000 12.50000000
245 41.78190390 12.50000000
246 42.06314902 37.50000000
247 41.89563971 25.00000000
248 41.84042479 25.00000000
249 11.33090329 24.67584343
250 24.54349227 12.50000000
251 24.60870766 12.50000000
252 37.50000000 25.00000000
253 41.80255295 25.00000000
254 37.50000000 25.00000000
255 37.50000000 37.50000000
256 37.50000000 37.50000000
257 37.50000000 37.50000000
258 37.50000000 37.50000000
259 37.50000000 37.50000000
260 37.50000000 37.50000000
261 37.50000000 37.50000000
262 37.50000000 37.50000000
263 37.50000000 37.50000000
264 37.50000000 37.50000000
265 37.50000000 49.96427308
266 37.50000000 49.96387199
267 37.50000000 49.96419149
268 37.50000000 49.96447005
269 37.50000000 49.96475725
270 37.50000000 49.96911364
271 37.50000000 49.96357110
272 41.71347273 37.50000000
273 41.67014847 37.50000000
274 41.86019470 37.50000000
275 42.04206060 37.50000000
276 25.00000000 49.96439344
277 37.50000000 49.96974400
278 37.50000000 49.96416218
279 37.50000000 49.96613659
280 41.75451902 37.50000000
281 37.50000000 37.50000000
282 50.32010796 56.99612662
283 50.31468974 62.50000000
284 50.35964542 62.50000000
285 50.33475216 57.01189912
286 50.33475216 57.01189912
287 50.45550522 62.50000000
288 50.28125239 57.00115901
289 50.39806529 62.50000000
290 37.50000000 49.97750295
291 41.86285960 37.50000000
292 50.80905569 56.85136243
293 51.02024520 62.50000000
294 50.32194694 57.00216354
295 42.10269365 49.99121972
296 41.69762788 37.50000000
297 41.91081808 37.50000000
298 41.75345790 37.50000000
299 41.74098986 49.98523482
300 42.01509701 49.98956075
301 41.99685697 49.99051719
302 50.35854130 56.98603577
303 42.01623240 37.50000000
304 50.80056268 62.50000000
305 41.90855152 49.98424720
306 41.84715616 37.50000000
307 23.95029279 77.11892194
308 23.69167878 77.65147194
309 23.48357417 87.61745654
310 23.11669363 87.63969019
311 23.16539488 87.65838155
312 62.50000000 87.50000000
313 62.50000000 87.50000000
314 62.50000000 87.50000000
315 52.23127489 87.50000000
316 52.23019097 87.50000000
317 62.50000000 75.00000000
318 41.25587586 88.83825402
319 36.88937659 88.72000797
320 24.46059566 88.82756225
321 24.36766653 88.77080884
322 24.32514305 88.99054198
323 62.50000000 87.50000000
324 62.50000000 87.50000000
325 62.50000000 87.50000000
326 62.50000000 87.50000000
327 62.50000000 87.50000000
328 37.44160147 87.59628475
329 62.50000000 75.00000000
330 51.84446354 87.50000000
331 40.89390843 87.53264034
332 41.19740834 87.72848239
333 62.50000000 75.00000000
334 62.50000000 87.50000000
335 24.41022702 76.48068285
336 23.57644987 87.52638179
337 62.50000000 75.00000000
338 62.50000000 75.00000000
339 62.50000000 75.00000000
340 62.50000000 75.00000000
341 62.50000000 75.00000000
342 24.77504768 92.16351399
343 41.14869885 91.66666667
344 52.01173503 91.66666667
345 75.00000000 91.66666667
346 75.00000000 91.66666667
347 23.59745763 65.36829791
348 24.20382392 12.50000000
349 24.14331632 12.50000000
350 10.97120970 24.86059606
351 24.14331632 12.50000000
352 24.20921506 12.50000000
353 24.20921506 24.96972613
354 24.20921506 12.50000000
355 24.26569970 24.97188855
356 87.50000000 62.50000000
357 87.50000000 62.50000000
358 87.50000000 62.50000000
359 87.50000000 62.50000000
360 75.01219528 62.50000000
361 75.01257716 62.50000000
362 75.01137312 62.50000000
363 75.01122305 62.50000000
364 23.94558717 57.35489286
365 41.28470334 57.57083503
366 75.00770656 62.50000000
367 87.50000000 62.50000000
368 62.50000000 56.09310695
369 23.97197958 12.50000000
370 42.09106417 49.99811093
371 51.11435408 75.00000000
372 42.13024391 49.99982827
373 51.22947926 75.00000000
374 51.12384662 75.00000000
375 51.22619320 75.00000000
376 51.22840467 62.50000000
377 62.50000000 62.50000000
378 75.01743899 75.00008060
379 75.02612380 75.00014527
380 75.02615361 75.00014521
381 87.50000000 62.50000000
382 75.01219528 62.50000000
383 75.01257716 62.50000000
384 75.01137312 62.50000000
385 75.01122305 62.50000000
386 23.94558717 57.87291626
387 41.35781176 62.93613477
388 75.00770656 75.00000000
389 87.50000000 62.50000000
390 62.50000000 56.85355676
391 51.08400998 62.50000000
392 62.50000000 62.50000000
393 62.50000000 62.50000000
394 62.50000000 62.50000000
395 62.50000000 62.50000000
396 62.50000000 62.50000000
397 62.50000000 62.50000000
398 62.50000000 57.08209099
399 62.50000000 57.04358653
400 75.09472974 87.50000000
401 75.09546361 87.50000000
402 75.09511722 87.50000000
403 62.50000000 62.50000000
404 62.50000000 57.02713197
405 52.06128805 75.00000000
406 62.50000000 62.50000000
407 62.50000000 75.00000000
408 88.39916433 75.01548719
409 62.50000000 62.50000000
410 50.83795382 62.50000000
411 51.00183059 62.50000000
412 62.50000000 57.00675906
413 62.50000000 57.03570828
414 75.00000000 75.00000000
415 75.00000000 75.00000000
416 75.00000000 75.00000000
417 75.02368244 75.00018934
418 75.02386590 75.00019002
419 75.03170574 87.50000000
420 41.19373033 62.50000000
421 76.52191010 48.24294632
422 75.00548337 54.50443456
423 75.00534635 54.66262692
424 87.86437764 47.54678054
425 88.00223458 45.55940715
426 75.73326564 48.89335472
427 76.41115247 47.33047255
428 75.00812781 62.50000000
429 62.50000000 37.50000000
430 54.83878839 25.00000000
431 9.37500000 11.62500000
432 76.52191010 48.24299152
433 75.00548337 54.55839732
434 75.00534635 54.71598581
435 87.86437764 47.54729453
436 88.00223458 45.55999457
437 75.73326564 48.89371628
438 76.41115247 47.33187360
439 75.00812781 62.50000000
440 62.50000000 37.50000000
441 54.85193393 25.00000000
442 9.37500000 11.62500000
443 62.50000000 62.50000000
444 41.90157229 50.00000000
445 62.50000000 55.79837817
446 62.50000000 57.09675310
447 62.50000000 62.50000000
448 41.97494290 50.00000000
449 62.50000000 55.79848464
450 62.50000000 57.05308903
451 41.20848402 62.90336928
452 52.12565647 87.50000000
453 87.70189112 87.51427499
454 87.50000000 62.51747171
455 62.50000000 75.00000000
456 88.39516211 88.42428579
457 23.95452957 58.13778296
458 62.50000000 87.50000000
459 36.73738449 75.00012612
460 90.55982784 90.55008097
461 89.21683625 75.03237339
462 88.73993729 75.02338078
463 23.14156139 62.99290664
464 87.50000000 55.03820433
465 9.37500000 76.75000000
466 90.60430207 90.59627766
467 88.29926459 87.64414568
468 87.84212148 87.77122486
469 51.08647605 56.52408048
470 24.99919357 49.99891300
471 41.02725076 62.50000000
472 42.06745834 49.99844060
473 41.84122599 49.99466464
474 62.50000000 56.98391719
475 12.09916169 49.97282117
476 75.33372743 87.50000000
477 24.99936084 49.99827733
478 37.47874563 58.17284725
479 40.77248099 62.50000000
480 24.99586948 49.99541171
481 40.78382305 62.50000000
482 37.39343450 49.97932401
483 87.76518972 75.00586580
484 41.65818825 49.99764407
485 51.06254445 75.00000000
486 37.40954306 58.29873951
487 62.50000000 87.50000000
488 23.02358905 62.71879897
489 24.99883953 49.99794614
490 10.89664678 49.89662004
491 87.50000000 62.50000000
492 87.73572420 75.00536302
493 23.94558717 58.03355136
494 37.42289131 57.92586512
495 37.44492237 57.88535702
496 24.99901726 49.99770166
497 24.99868808 49.99764407
498 24.99854232 49.99738230
499 24.99854232 49.99738230
500 24.99854232 49.99738230
501 24.99883953 49.99794614
502 51.52672806 87.50000000
503 37.26789725 57.92385101
504 89.12060386 75.03569759
505 37.49551870 62.58501229
506 37.47207217 58.28126649
507 96.19565217 91.84782609
508 87.51396412 55.20577074
509 88.58695652 88.04347826
510 87.51785383 47.17196809
511 87.50000000 55.35983941
512 95.83333333 75.00000000
513 87.70946186 55.51839729
514 88.16304053 54.88743347
515 87.51623075 46.26404925
516 62.50000000 49.05917707
517 92.00786029 23.77496995
518 87.51136153 37.50000000
519 89.43760434 24.06297126
520 76.41371587 47.37630095
521 88.79683726 36.20917191
522 88.33006644 87.59199373
523 87.63309218 47.24512296
524 76.54487436 47.54727653
525 89.58333333 10.41666667
526 89.72167774 87.51533229
527 76.26136481 48.33484650
528 87.79715389 55.12180640
529 89.72167774 75.03709267
530 89.66776929 55.83384606
531 88.78564259 36.22547088
532 76.75127936 21.67954583
533 76.79124527 11.76366810
534 76.76385099 21.67954583
535 76.95538960 21.78973417
536 88.16914313 11.93519849
537 76.81275522 11.79430776
538 76.80181339 11.79430776
539 76.81133855 11.79430776
540 76.76371204 21.67317420
541 76.76090014 11.76362549
542 76.55771936 21.92908388
543 62.50000000 25.00000000
544 62.50000000 25.00000000
545 62.50000000 25.00000000
546 62.50000000 25.00000000
547 62.50000000 25.00000000
548 62.50000000 25.00000000
549 62.50000000 25.00000000
550 62.50000000 25.00000000
551 62.50000000 25.00000000
552 62.50000000 25.00000000
553 55.73977212 25.00000000
554 77.22954844 11.65316931
555 88.32690768 11.80889992
556 88.32690768 21.62894899
557 88.32690768 21.62894899
558 88.38828747 12.43389992
559 62.50000000 12.50000000
560 62.50000000 12.50000000
561 62.50000000 25.00000000
562 62.50000000 12.50000000
563 62.50000000 25.00000000
564 24.53072423 25.00000000
565 77.15531577 21.44839483
566 55.38022198 25.00000000
567 24.70036926 25.00000000
568 76.70501945 21.58507384
569 54.82143709 25.00000000
570 75.08276472 87.50000000
571 55.49841292 25.00000000
572 11.26885377 37.50000000
573 53.55495266 49.36452508
574 53.55592648 49.36518140
575 53.55646470 49.36503412
576 53.55733903 49.40003862
577 62.50000000 37.50000000
578 62.50000000 37.50000000
579 62.50000000 37.50000000
580 62.50000000 48.37258899
581 53.55817148 49.40157352
582 53.55118410 49.40140207
583 53.55726811 49.36838023
584 53.55888117 49.36454699
585 62.50000000 48.40649625
586 62.50000000 48.40482185
587 62.50000000 48.40289589
588 62.50000000 37.50000000
589 62.50000000 49.36443616
590 53.55594834 49.36569422
591 53.55681711 49.36373001
592 53.55940201 49.36466124
593 62.50000000 37.50000000
594 62.50000000 37.50000000
595 62.50000000 48.37312578
596 62.50000000 37.50000000
597 62.50000000 49.36539455
598 53.55941897 49.36634121
599 62.50000000 49.40078635
600 75.00127701 54.54478117
601 62.50000000 37.50000000
602 62.50000000 37.50000000
603 62.50000000 37.50000000
604 62.50000000 48.42700632
605 75.00007512 54.76401077
606 62.50000000 48.46801147
607 62.50000000 48.38290100
608 11.72337278 58.03485719
609 75.00007512 54.53930533
610 53.37005521 37.50000000
611 53.36449629 37.50000000
612 53.37318800 37.50000000
613 75.00171920 54.48444469
614 75.00171920 54.48437006
615 75.00237837 54.76959145
616 53.39412268 37.50000000
617 53.42123712 37.50000000
618 53.44333723 37.50000000
619 53.36403996 37.50000000
620 53.37853238 37.50000000
621 53.41897701 37.50000000
622 53.45835248 37.50000000
623 53.41275648 37.50000000
624 75.00171920 54.53516217
625 87.51292658 54.65157440
626 75.00190016 62.50000000
627 12.12121212 50.00000000
628 54.91721608 12.50000000
629 54.89856138 12.50000000
630 54.99712479 24.98920733
631 55.03210685 24.98920733
632 54.93293179 24.98920733
633 54.75726207 12.50000000
634 54.99690099 24.98920733
635 54.94056067 12.50000000
636 54.89758051 12.50000000
637 54.84779484 12.50000000
638 54.85017451 12.50000000
639 87.50000000 55.29302514
640 54.50568454 12.50000000
641 55.13502942 12.50000000
642 10.75000000 6.25000000
643 25.00000000 6.25000000
644 55.51760255 6.25000000
645 75.00000000 6.25000000
646 89.25000000 6.25000000
647 10.75000000 6.25000000
648 53.23644107 6.25000000
649 75.26308215 6.25000000
650 89.25000000 6.25000000
651 12.50000000 6.25000000
652 25.00000000 6.25000000
653 75.17225454 6.25000000
654 93.75000000 6.25000000
655 93.75000000 10.75000000
656 93.75000000 25.00000000
657 93.87280248 54.72906473
658 62.50564471 12.49927863
659 62.50564471 12.49927863
660 62.50564471 12.48817944
661 62.59249582 12.49927863
662 75.62671055 36.88692065
663 75.01384273 75.00000000
664 75.21549595 46.51763886
665 75.52410147 36.93233393
666 75.83433407 36.93233393
667 62.50542760 12.49930638
668 62.50542760 12.49930638
669 75.34243724 36.94994438
670 75.84163336 36.97148332
671 75.68652260 46.44697144
672 75.59182983 47.09839024
673 87.74560496 54.45812945
674 12.06977127 56.69876734
675 11.94684878 56.41340709
676 62.50707560 12.49909577
677 62.50705485 12.49909842
678 77.49024042 21.83246508
679 77.48918308 11.76464823
680 77.43218188 21.83246508
681 87.65060201 11.74623282
682 88.35956765 11.63716251
683 87.90371066 11.66688890
684 87.67570234 11.62060495
685 77.44525746 21.78763600
686 88.95804483 37.42507461
687 88.95804483 37.42612129
688 88.96686296 37.48647235
689 89.02292105 37.48647235
690 76.36954635 37.50000000
691 76.34907292 37.50000000
692 75.79100651 37.44813534
693 75.78030316 37.42542654
694 76.16334754 37.43130797
695 75.99194668 37.42487772
696 88.72759570 24.14162272
697 87.61228173 37.27100778
698 87.73019863 21.94446632
699 54.68980458 25.00000000
700 87.67006003 22.74750502
701 87.84376020 45.54994734
702 94.87696507 24.69374249
703 88.04870911 47.08182048
704 88.16334477 46.90350788
705 88.42487408 45.85053134
706 90.01117292 37.21544633
707 89.06256837 37.29267797
708 88.75165811 37.16258758
709 88.03703627 75.01322309
710 87.50000000 62.67471709
711 89.71169801 87.51022153
712 89.68224151 75.03735692
713 88.42889877 22.74553805
714 77.20191492 22.55512579
715 77.20055003 22.55512579
716 87.73419337 37.30441231
717 87.73294952 44.49840859
718 87.74390210 22.62039944
719 11.18375825 89.87995825
720 10.89126008 90.40883786
721 10.77102729 90.25574113
722 9.90891759 90.77244259
723 10.29734308 90.25574113
724 9.73617877 90.15727209
725 9.73617877 90.15727209
726 9.73617877 90.15727209
727 9.73617877 90.15727209
728 9.73617877 90.15727209
729 10.31803587 80.69972246
730 8.99144549 81.43267241
731 37.01235263 57.92926843
732 41.29425953 57.96810714
733 41.29425953 57.96810714
734 41.31158474 57.96908290
735 41.45026949 57.97756398
736 41.45026949 57.97756398
737 41.45026949 57.97756398
738 41.45026949 57.97756398
739 41.45026949 57.97756398
740 41.45026949 57.97756398
741 41.41215123 57.97533196
742 36.71851383 57.90351565
743 37.41872544 57.93515555
744 41.05520152 57.95369511
745 11.91406250 50.00000000
746 8.39843750 50.00000000
747 24.25600975 57.96744379
748 11.79733728 57.76908814
749 9.17968750 50.00000000
750 89.86818308 23.85474265
751 6.25000000 100.00000000
752 6.25000000 100.00000000
