1 33.33333333 3.22589030
2 6.25000000 1.61294515
3 49.58022503 37.36219388
4 49.69609426 49.77935766
5 49.63107784 37.37596271
6 49.66135677 49.92307519
7 37.47804204 62.55417655
8 49.66046389 62.51411092
9 49.64189710 37.36119097
10 49.51317645 37.31946223
11 49.47324297 37.27654974
12 49.22774783 37.04386292
13 49.26506126 37.10365509
14 49.68927001 49.86921575
15 37.49192392 52.06691919
16 49.69909575 49.90610810
17 81.27630249 62.50003690
18 87.63220107 58.08287561
19 87.57623159 75.03589343
20 81.28160510 62.50003660
21 87.61116746 58.05562324
22 87.58177025 58.18391155
23 87.58143096 58.14995341
24 48.51387272 10.16949153
25 90.93137255 10.84375000
26 77.96074140 12.50000000
27 76.48037070 12.50000000
28 43.82313766 10.00000000
29 48.90461519 22.85055620
30 33.77102410 47.83229001
31 20.98886378 46.01756904
32 48.86363636 23.69931337
33 78.16834153 12.00921769
34 78.45203758 11.80430904
35 89.00000000 7.50000000
36 90.83082313 8.09220591
37 90.45530699 8.56848180
38 89.63839850 9.65284631
39 90.54557444 8.43713758
40 77.87142398 9.48843076
41 78.16532463 8.35909229
42 77.45199971 8.93984005
43 77.40021116 12.50000000
44 90.42248810 8.75085754
45 89.33812826 8.67138753
46 88.33333333 5.03496576
47 77.81023131 9.18727383
48 78.30994673 10.08407481
49 88.40614475 11.26513133
50 88.74930778 10.63459118
51 89.48935418 9.68900070
52 10.00000000 22.22575928
53 78.00943314 11.23256173
54 77.46861024 11.29310044
55 78.43302734 8.31402658
56 49.52932965 10.18140271
57 49.55638196 37.43798135
58 78.02139756 8.69565217
59 78.88888889 91.66666667
60 78.72222222 91.66666667
61 49.52027135 9.94932898
62 49.37303271 8.60610715
63 49.31638368 9.17618581
64 49.63110135 6.18514538
65 62.50000000 89.06250000
66 49.67680969 8.35679434
67 47.50000000 90.00000000
68 49.48168607 10.49646183
69 62.50000000 89.06250000
70 62.50000000 75.98558331
71 62.50000000 63.63097261
72 62.50000000 25.00000000
73 75.50356626 9.78260870
74 69.09930840 25.00000000
75 62.50000000 75.78634561
76 69.22177613 10.71428571
77 62.50000000 63.21535230
78 49.61421270 37.50000000
79 75.11111293 5.97826087
80 75.14692911 8.15217391
81 75.18640969 9.78260870
82 91.35562203 7.81271439
83 37.47001352 52.06159276
84 37.47001377 52.06159276
85 37.47001354 52.06159276
86 37.49147989 52.04882748
87 62.46626941 37.47324521
88 37.48609094 52.04882748
89 37.46313775 52.05519030
90 49.64312239 49.84567434
91 49.66663012 49.84567434
92 49.67993844 49.88413438
93 49.66356117 49.90563333
94 49.62358858 49.87008321
95 49.63808088 49.82095038
96 37.49192392 52.06159276
97 37.49192392 52.06159276
98 37.45298311 62.54062057
99 49.62503216 49.90580320
100 49.66168874 62.53920215
101 37.45312913 62.54049442
102 49.62241596 49.90447293
103 49.64991183 52.06159510
104 62.49987518 12.46026240
105 37.48384853 52.05519030
106 37.48110172 52.06196679
107 37.45298311 52.07976265
108 37.49192392 52.06159276
109 49.64432122 49.87009706
110 37.47851331 52.06159276
111 37.45298311 52.06159276
112 37.49192392 52.06159276
113 49.67100021 49.90942233
114 62.49926201 49.98928408
115 62.49926430 37.49972581
116 37.48388957 52.06445928
117 49.62849185 49.83118209
118 49.63955284 49.88413438
119 49.60445931 37.35785656
120 37.49192392 52.06159276
121 49.63235804 49.89106057
122 49.62784508 87.54136381
123 49.63087567 49.90804779
124 37.48249972 52.09747897
125 49.66340638 49.90560444
126 49.64575751 49.80781079
127 49.62430090 49.90548933
128 49.62521454 49.90623187
129 49.66270960 49.90528572
130 49.64776478 87.54136381
131 49.62890509 87.54136381
132 49.62293376 49.78448714
133 62.49926430 37.49972581
134 62.49926201 37.49972496
135 62.49926430 37.49972581
136 49.64167714 49.86331239
137 87.63441364 58.21815386
138 87.58211239 58.21815386
139 87.59257264 58.21815386
140 87.58211239 58.21815386
141 81.18952742 58.04974907
142 87.58211239 58.21815386
143 87.57623159 87.55512257
144 87.57623159 87.55512257
145 87.57623159 87.55512257
146 87.57623159 87.55512257
147 87.58177025 58.18391155
148 81.31197892 75.03589343
149 81.29268621 62.50003706
150 87.58211239 58.22636534
151 81.26657548 62.50003690
152 87.58177025 58.18391155
153 81.20773077 57.98430395
154 81.20773077 57.99243404
155 87.58177025 62.51025060
156 81.21499872 62.50003660
157 81.23373125 87.53590224
158 81.06523972 57.89629252
159 81.24068054 62.50003675
160 81.21499872 62.50003660
161 81.22595976 58.01689295
162 61.96324695 88.24741986
163 49.65218477 37.37604342
164 49.65410180 37.38818835
165 49.66078969 37.38772557
166 49.66536256 37.40661805
167 49.65276386 37.39770222
168 49.66108690 37.39872173
169 12.50000000 6.25000000
170 46.42941366 35.00000000
171 37.05626357 46.60531972
172 36.76745788 46.93116512
173 36.47029507 24.99748356
174 36.33113816 24.99724223
175 36.22524291 24.99930195
176 24.66247064 37.34769424
177 36.18860053 24.99964836
178 35.84649632 24.99955663
179 36.20513747 37.50000000
180 35.84080481 24.99897561
181 35.83929123 24.99898845
182 35.90848743 24.99903060
183 35.91539230 24.99957510
184 24.44984398 37.27169880
185 24.34706278 37.24338597
186 24.34706278 37.24338597
187 24.24661090 37.20390689
188 24.24661090 37.20390689
189 24.36812527 37.25166384
190 37.34775048 24.99507930
191 37.31917358 37.50000000
192 37.30395655 37.50000000
193 37.31479566 24.98846586
194 37.30095280 37.50000000
195 37.31761733 37.50000000
196 37.30762796 37.50000000
197 37.31054100 24.98831078
198 37.36083396 24.98779126
199 37.32165832 37.50000000
200 37.34368294 37.50000000
201 37.33617104 37.50000000
202 37.35391612 24.98673133
203 37.33794234 37.50000000
204 37.34821233 37.50000000
205 37.25809870 37.50000000
206 37.27435353 24.98947183
207 37.28787198 24.98925594
208 37.26781404 37.50000000
209 37.27659825 37.50000000
210 37.24170831 24.98837515
211 37.30870785 24.98905896
212 37.34165290 37.50000000
213 37.34254363 37.50000000
214 37.35568198 24.98757098
215 37.36909544 24.98663655
216 37.33428302 24.98693196
217 37.41192669 24.98611541
218 37.38213417 37.50000000
219 37.36436737 37.50000000
220 37.25396830 37.50000000
221 37.38817518 37.50000000
222 37.38242700 24.98603916
223 37.07602664 24.99575473
224 37.14849936 24.98856104
225 37.14849936 24.98856104
226 37.20596691 37.50000000
227 37.20063366 24.98861239
228 36.92939923 24.99588706
229 37.22696739 24.99462203
230 36.93850091 44.61665803
231 37.13554983 37.50000000
232 36.92890580 37.50000000
233 37.02200437 45.16373228
234 37.03557499 37.50000000
235 37.09371335 44.59329377
236 37.05415885 45.26621788
237 37.02914848 45.33016746
238 37.27210805 37.50000000
239 37.26099788 44.62824767
240 37.28317402 37.50000000
241 37.26366738 45.08061688
242 37.13217330 45.29845077
243 37.06507820 44.61707764
244 36.74591952 44.74300378
245 36.72396242 37.50000000
246 36.69953230 44.71361152
247 36.86710604 44.68805571
248 37.16648901 37.50000000
249 37.14857251 37.50000000
250 37.14738561 37.50000000
251 36.97745125 44.65066334
252 36.96372806 37.50000000
253 37.15422218 37.50000000
254 37.16670574 37.50000000
255 37.19857757 44.73880010
256 37.25310150 44.80781338
257 37.28698959 45.17620395
258 37.28055779 45.36411692
259 37.08709020 37.50000000
260 36.70869237 45.36140195
261 37.24011341 45.61743074
262 37.17064353 37.50000000
263 37.08319098 44.86221635
264 37.41361554 24.65693215
265 24.23234376 36.75127640
266 24.34210526 37.50000000
267 24.06723254 36.73240602
268 24.06723254 37.15345865
269 24.10963106 37.15007177
270 70.52164673 54.50331467
271 90.62500000 22.25000000
272 43.75000000 25.00000000
273 46.97029888 37.50000000
274 34.25959964 9.17342960
275 90.00000000 8.33333333
276 22.62708159 11.33482659
277 22.26976383 10.98663621
278 34.77498856 8.52679401
279 34.50523759 9.16381317
280 45.56802455 23.47946455
281 46.13672768 10.00000000
282 35.33047525 12.05064194
283 34.36864403 9.50071327
284 46.00320262 8.75953073
285 44.89634985 24.64767864
286 46.37497180 24.77205248
287 11.10784007 18.87438978
288 11.89072720 11.98814324
289 22.29653282 19.62391004
290 23.04440885 20.55538349
291 23.04440885 19.99035765
292 22.56025092 19.79951691
293 35.16768339 12.29600795
294 35.46166242 9.60437259
295 35.70447281 9.31480985
296 35.89221682 11.27246981
297 36.13498071 12.08318392
298 43.38120287 23.34438775
299 45.44351527 24.79451565
300 42.42196242 23.47223057
301 35.81496748 12.50000000
302 36.69673887 24.13821531
303 35.17819076 11.37281608
304 35.08346379 9.33468592
305 23.63943145 10.16436955
306 11.15357536 8.33333333
307 35.75128301 9.37500000
308 35.78554919 9.59818962
309 22.57152719 11.66911037
310 22.01492954 11.56673104
311 22.05390991 12.22548049
312 22.16526674 12.25961081
313 21.98921854 12.24263796
314 22.84400679 18.74747340
315 22.41414676 11.80200990
316 22.65029812 19.55696015
317 22.29026287 18.64332249
318 22.18043499 12.21627715
319 22.05771043 12.20217678
320 21.99462329 12.25019404
321 22.21185304 18.40070432
322 22.10032716 18.45502155
323 22.36937748 11.82477239
324 22.13795412 12.25917591
325 22.19508148 18.33257945
326 22.19290183 18.35430485
327 22.19316894 18.35404988
328 22.57127675 11.65058948
329 22.59843448 11.64047274
330 22.39468970 18.35582097
331 22.30012614 12.17176507
332 22.10282882 12.13712155
333 22.34230873 18.45356866
334 22.02690000 12.12901300
335 22.32048178 11.72896026
336 22.29590202 11.69982328
337 22.06600952 18.28598529
338 22.08671927 18.29601287
339 22.01727061 12.25535391
340 12.01889820 12.33167117
341 12.00900626 11.96412367
342 21.59933875 18.98194335
343 12.00553426 12.32699537
344 22.22345325 11.86875521
345 22.03025711 11.84537577
346 21.67414198 18.29241046
347 21.99382776 18.68830763
348 22.11839910 19.07216594
349 22.18991770 11.87729312
350 22.29006490 11.90766906
351 22.04767581 12.26270820
352 11.67841802 12.24049306
353 11.66227693 11.40987599
354 10.96794837 18.82273107
355 11.22559640 11.66433008
356 23.18212220 19.12478213
357 36.38513091 24.41409468
358 36.41014593 24.54257224
359 44.23419111 24.76399461
360 44.05533949 24.72227599
361 22.35374627 12.15488125
362 35.43773537 11.49503838
363 35.79878282 11.63096880
364 35.22526712 12.06728173
365 22.85226156 20.15607852
366 35.67644833 12.23228674
367 22.75208789 19.31228311
368 22.52399540 19.65046683
369 22.96568190 11.35720428
370 22.80680743 20.53085426
371 22.81508781 20.52295034
372 10.96072608 18.53062538
373 48.97972382 11.03480093
374 45.54768241 24.62638819
375 45.54523724 24.55432417
376 23.46617431 20.08131999
377 23.41608073 20.37686301
378 23.37921540 19.72462532
379 35.16317217 11.04291393
380 35.20679037 10.89720532
381 23.48587042 20.22261478
382 23.43671981 19.26875183
383 23.25280450 19.79432211
384 23.45735465 20.28830846
385 45.35655629 24.72466038
386 46.22171892 24.78146068
387 46.01861212 24.77163800
388 43.84444276 9.43468924
389 44.54897022 8.54717178
390 45.43801867 8.28628891
391 36.11084317 11.06283160
392 44.72444120 8.88281020
393 43.77448511 4.27358589
394 10.82824272 11.60567608
395 10.78555767 18.84782169
396 11.22694580 11.52569660
397 11.70441465 11.41051464
398 11.55279266 18.52871726
399 11.57118388 18.57888992
400 11.48774248 19.21717637
401 11.04614318 18.97923316
402 10.96379061 19.34885808
403 10.77100595 18.88549386
404 11.76143320 11.75542498
405 21.64522679 11.80108277
406 12.10041118 10.09884939
407 12.33933431 11.65012054
408 22.29737519 11.73277146
409 22.47396919 18.81364994
410 22.68887219 19.09477821
411 22.60917813 18.88264703
412 22.21936609 11.73269664
413 22.30659569 11.92413030
414 22.29119242 11.92413030
415 22.28922625 11.95292379
416 11.64300447 10.86486631
417 11.67369158 10.89835858
418 12.04706285 11.66873231
419 11.55889077 11.31815327
420 12.02782376 11.58477633
421 10.72351671 11.02219077
422 11.74722036 10.38935187
423 11.90354453 11.11175580
424 47.18817148 37.50000000
425 77.57344770 12.50000000
426 6.25000000 12.50000000
427 22.50000000 36.93435713
428 34.94848366 10.50641940
429 45.43708133 9.40892890
430 46.71957565 9.73868714
431 46.53701581 37.39361673
432 47.27566573 37.18085018
433 92.04545455 4.54545455
434 23.06425642 37.49486875
435 46.45350646 5.39568345
436 12.06896552 8.33333333
437 44.67230081 23.81604336
438 43.97392347 22.11216380
439 18.75000000 37.50000000
440 33.33333333 8.33333333
441 21.87689143 45.49652148
442 35.27031043 25.00000000
443 46.70029129 23.50497782
444 62.38524734 12.50000000
445 44.77634655 11.01694915
446 22.95373802 91.87403938
447 22.50000000 90.00000000
448 46.79054969 6.47482014
449 12.50000000 8.33333333
450 89.95098039 23.29925416
451 90.93137255 10.09375000
452 43.09237166 23.53281008
453 36.90206778 12.43299671
454 34.57719453 12.35636864
455 42.61902662 23.54651989
456 35.07721539 12.27993888
457 35.14882963 12.27922054
458 21.00526285 45.38473963
459 7.83756736 23.59221685
460 34.10812417 7.50000000
461 21.04942498 44.96630821
462 20.46471820 45.05182898
463 8.11118249 52.03738059
464 6.58880378 36.26232643
465 6.58880378 36.79565976
466 8.20625068 75.67709963
467 9.73056888 63.99638958
468 44.00406180 7.37410072
469 44.28064709 23.66071383
470 44.28065992 23.66071383
471 21.93060704 90.97008752
472 21.93060704 90.97008752
473 21.93060704 90.90203063
474 21.93060704 90.90203063
475 93.18181818 5.68181818
476 21.83892143 37.49650758
477 21.75403125 45.19199133
478 21.48275831 45.22712237
479 22.68551927 37.49956641
480 20.93387246 45.31510961
481 9.95951658 94.69525959
482 8.49744459 6.25000000
483 43.46262149 23.62556523
484 43.58283112 23.88302221
485 34.68518959 11.70558533
486 23.23176646 37.49568783
487 22.75967105 37.49611396
488 22.21147680 37.46201701
489 22.34181450 37.49302183
490 35.72906547 24.31302547
491 8.33333333 24.66666667
492 35.09064091 11.35057897
493 20.74278385 45.59133466
494 21.07218595 45.90409381
495 21.07218595 45.90409381
496 21.07218595 45.90409381
497 20.87579524 36.84010616
498 21.07218595 45.51076057
499 21.07218595 45.51076057
500 21.51455953 45.12827997
501 21.55991679 45.07447594
502 43.31787349 23.87695350
503 61.67727551 25.00000000
504 43.26816496 23.72846876
505 43.89316496 23.10346876
506 43.92266709 23.61428669
507 44.72025133 23.58957973
508 44.67345351 23.73256727
509 5.05632207 24.80000000
510 6.80147122 22.05715392
511 6.70120372 22.59221685
512 7.28468094 23.22792660
513 9.29457756 23.25089908
514 6.99488918 22.00110656
515 7.18443675 22.79286544
516 7.83826274 35.75070769
517 10.17389360 52.05154270
518 7.81464456 36.94862694
519 7.39240695 36.70897021
520 7.81464456 45.36103065
521 8.98991984 63.36576075
522 7.98754082 36.46860535
523 9.91379310 22.77298851
524 7.57979365 88.09255079
525 5.00000000 90.00000000
526 5.00000000 90.00000000
527 4.37500000 91.25000000
528 4.37500000 91.25000000
529 3.75000000 92.50000000
530 21.30091712 44.95513608
531 21.20952624 45.14538174
532 20.79785729 45.89725969
533 49.86012409 8.99933950
534 7.41903316 89.39051919
535 7.05585556 89.16478555
536 33.63672127 90.62500000
537 34.33697636 44.82103602
538 35.60525465 45.01601310
539 44.38549323 11.11111111
540 49.44049635 10.99735799
541 47.40189914 23.61350078
542 48.05979388 23.61350078
543 62.46174911 12.50000000
544 46.09119159 9.37500000
545 78.66666667 8.33333333
546 62.46105531 24.99784281
547 37.45298311 52.07984199
548 62.49926201 37.46078415
549 37.41404230 52.10053357
550 37.45312913 62.51240488
551 37.41857348 52.07220986
552 49.68367731 52.10922861
553 49.53492497 87.50246383
554 37.45298311 62.54062057
555 49.62489272 75.04749854
556 49.65729690 62.52303134
557 62.49926201 37.49972496
558 49.66383353 87.54149267
559 62.49926201 37.48643385
560 49.62241596 49.92307519
561 49.69362959 52.07429172
562 49.66135677 49.92307519
563 49.66135677 49.92307519
564 62.49926201 37.49972496
565 62.49926201 49.98928408
566 62.49926201 49.98928408
567 62.49926201 49.98928408
568 62.49987557 12.46038543
569 49.66383353 87.54149267
570 49.66383353 87.54149267
571 37.45298311 62.54062057
572 49.66383353 75.04749854
573 62.49987518 12.46026240
574 49.62922922 75.04620312
575 49.67353379 49.88539374
576 49.62475394 49.88485182
577 49.65865010 49.88797330
578 49.62591211 49.88520721
579 49.63697431 49.88864412
580 49.63368404 49.88763485
581 49.66383353 75.04749854
582 49.66383353 75.04749854
583 49.66383353 87.54149267
584 49.55711173 87.54123575
585 49.44552187 87.52551886
586 49.52173294 75.02843967
587 49.37694303 75.04648485
588 37.30033000 62.53999755
589 49.38848483 37.45362477
590 49.30648903 37.45405475
591 49.28073421 37.45404509
592 49.22076965 37.45433153
593 49.25617983 37.46627815
594 49.25617983 49.79019058
595 87.57623159 87.55512257
596 87.63385359 58.22714289
597 87.63329818 58.22834118
598 87.63274736 58.18240441
599 87.62746619 75.03559556
600 87.63274736 62.51873467
601 87.62693947 87.50278634
602 87.63385359 58.20258303
603 87.57623159 87.55512257
604 87.57623159 75.03589343
605 87.57623159 87.55512257
606 81.13236977 75.03893711
607 87.57623159 75.03589343
608 81.13236977 87.50483066
609 81.08291517 87.50479170
610 90.62500000 25.00000000
611 91.66666667 90.00000000
612 72.07619089 62.50000000
613 72.22873903 62.50000000
614 72.47558623 62.50000000
615 72.23116871 62.50000000
616 72.31268125 62.50000000
617 72.34295157 62.50000000
618 72.22873903 62.50000000
619 72.34959025 62.50000000
620 72.35237283 62.50000000
621 72.36808622 62.50000000
622 75.00000000 37.50000000
623 72.47512959 62.50000000
624 72.47512959 62.50000000
625 72.46033263 62.50000000
626 72.46033263 62.50000000
627 72.22754655 62.50000000
628 72.22294354 62.50000000
629 72.35517387 62.50000000
630 72.18599057 62.50000000
631 72.35517388 62.50000000
632 72.36506885 62.50000000
633 35.53175227 75.82199036
634 23.00220588 87.99264706
635 23.15220588 88.99264706
636 23.18382353 87.72058824
637 23.18382353 87.72058824
638 34.75325185 88.87614679
639 34.98214753 88.76146789
640 35.53175227 75.81221864
641 62.49787180 24.99578780
642 62.49796804 24.99521890
643 62.49809211 24.99783801
644 87.50000000 49.54229156
645 88.75000000 6.25000000
646 18.29158569 37.33563361
647 16.86640754 36.51380166
648 62.49780631 12.50000000
649 75.64088739 25.00000000
650 62.49750438 12.50000000
651 62.49719575 12.50000000
652 62.49740272 12.50000000
653 62.49751239 12.50000000
654 62.49773473 12.50000000
655 62.49846572 12.50000000
656 62.49790680 12.50000000
657 62.49774202 12.50000000
658 62.49769010 12.50000000
659 62.49784776 12.50000000
660 62.49775243 12.50000000
661 62.49782701 12.50000000
662 62.49813115 12.50000000
663 62.49800799 12.50000000
664 62.49919530 24.99822304
665 87.50000010 49.16616980
666 46.34078536 37.39575610
667 88.33333333 37.20000000
668 9.37500000 21.87500000
669 62.49780525 12.50000000
670 87.50000018 49.32352697
671 48.48572657 22.22222222
672 47.29714531 10.00000000
673 76.82522791 8.87096774
674 48.57642572 37.02792402
675 45.57673605 23.29733950
676 20.01431862 36.67816805
677 8.33333333 25.00000000
678 9.25771972 35.66401571
679 9.03726247 37.37333497
680 7.68631235 36.86667485
681 9.03726247 36.47333497
682 75.70630698 8.46774194
683 62.49907498 24.99842502
684 62.49936183 24.99866663
685 62.49922735 24.99841788
686 62.49920307 24.99862856
687 62.49870787 24.99834456
688 49.69330446 52.04768737
689 62.49846766 24.99819791
690 49.64970152 49.71661557
691 49.72643586 62.50000000
692 62.49734927 12.50000000
693 62.49799631 24.99729069
694 49.75863517 62.50000000
695 48.96437928 88.39285714
696 49.71948800 62.50000000
697 62.49858771 24.99842072
698 62.49850295 24.99818099
699 62.49840672 24.99644413
700 49.74163386 62.50000000
701 49.72643586 52.10178976
702 62.49812410 12.50000000
703 62.49774945 24.99746816
704 62.49799499 24.99772104
705 62.48659478 24.99592653
706 49.95389422 88.04347826
707 62.49782111 24.99414936
708 62.49788380 12.50000000
709 35.27785146 47.16040833
710 34.99173426 46.70036798
711 35.00451506 46.84055096
712 45.62750110 37.45085649
713 10.55898632 36.89682341
714 10.67927356 53.37645261
715 10.86655934 62.83813312
716 33.33333333 8.33333333
717 9.23720996 36.31752705
718 15.40911298 46.78005773
719 15.40423308 47.47143469
720 9.33968915 47.93781684
721 8.33333333 8.33333333
722 8.33333333 90.00000000
723 33.33333333 8.33333333
724 12.50000000 8.33333333
725 10.17474219 63.61938312
726 9.34983222 36.06880004
727 9.44992391 89.27939317
728 12.50000000 8.33333333
729 10.00000000 8.33333333
730 10.18727894 63.52443751
731 10.17442301 63.71062466
732 10.39791209 63.58214298
733 16.65768581 46.44198842
734 9.47255343 45.50056244
735 16.47463843 46.11650320
736 9.49459430 36.09587672
737 10.38251291 44.64381696
738 10.03946631 36.77042752
739 9.75805977 46.21331904
740 9.28300636 46.54107195
741 10.84929122 52.41846501
742 10.62084444 46.52493963
743 14.66649241 46.08517659
744 9.61421329 47.20272143
745 9.57235861 64.09902089
746 10.14601965 47.43222366
747 9.75734554 44.64961388
748 12.50000000 53.28304264
749 9.78370877 48.79575413
750 10.54582845 36.42696349
751 9.48168792 35.98469733
752 8.95578936 63.63699637
753 16.41810261 37.40395928
754 16.45806057 37.33266409
755 16.36792362 37.40395928
756 16.44013148 37.40395928
757 16.36357389 37.40395928
758 16.55315400 37.40395928
759 10.32264594 46.86118484
760 9.78603213 45.35409223
761 16.38600321 37.40395928
762 9.39110287 35.90579341
763 9.70140034 36.04354143
764 11.05710664 46.74327618
765 11.05986601 54.15163525
766 10.93369149 53.67843984
767 11.01986229 54.29151315
768 11.08833737 54.19924107
769 10.94010706 54.44092963
770 11.08833737 54.19924107
771 10.94508749 63.04805782
772 11.08833737 54.19924107
773 10.97757264 54.38887155
774 10.94508749 62.81090186
775 11.11025852 54.49272580
776 11.01870447 62.73696204
777 10.67148225 63.08418426
778 11.04730690 54.43242570
779 11.02132998 54.47443719
780 10.75804196 63.03862096
781 10.99810461 54.48726723
782 10.92960129 62.98250617
783 11.05258819 54.42517210
784 11.04352258 54.43548616
785 10.68584469 63.19244369
786 11.05289255 54.42422576
787 11.04688180 54.42769668
788 11.00834949 53.72128558
789 11.05270794 54.42647920
790 11.04066167 54.39260738
791 10.93721817 53.88653827
792 10.14539793 53.91421775
793 9.34952499 54.41568080
794 9.34952499 54.41568080
795 9.34952499 62.73892945
796 9.34952499 54.44558271
797 9.05392912 63.56732530
798 10.63829787 88.61702128
799 9.71795236 35.94988976
800 15.10947489 46.28383094
801 10.81517572 45.48371842
802 12.50000000 62.50000000
803 12.50000000 54.28391450
804 10.48995355 36.84164072
805 16.98409455 46.20088853
806 10.19925116 87.99936789
807 9.46736567 63.81239090
808 8.82673854 87.87492099
809 8.63600927 63.87962014
810 9.66883157 53.74596165
811 8.11287820 65.11968293
812 9.36836005 89.11939001
813 9.83118342 89.05696903
814 8.11696521 65.24988384
815 9.33197283 54.08363546
816 9.11829766 54.10220786
817 8.97786865 48.55062175
818 10.86897465 52.29184401
819 9.71234890 48.99640865
820 9.53812070 48.93368419
821 9.53812070 48.93368419
822 9.78407219 53.38553481
823 9.14915724 48.70730792
824 8.97279709 48.63927149
825 8.97279709 48.63927149
826 9.37500000 87.50000000
827 6.25000000 87.50000000
828 8.33333333 8.33333333
829 6.25000000 93.75000000
830 8.33333333 21.33333333
831 8.33333333 20.83333333
832 8.33333333 10.00000000
833 9.62797327 46.04075261
834 10.14720230 46.02329538
835 10.10638298 88.93617021
836 9.62881159 64.45488957
837 9.33882084 64.73862925
838 9.33882084 64.73862925
839 9.45347911 47.30720936
840 9.94985010 36.28572399
841 17.38086378 48.39262807
842 15.92040081 44.56897546
843 9.61792757 46.72177531
844 18.32964484 46.16015920
845 9.85742345 64.04577508
846 9.92470358 63.96830169
847 10.01586205 63.85941480
848 9.92085706 63.98013421
849 10.02499274 63.82495007
850 10.01945445 63.82495007
851 9.97848121 64.04577508
852 18.70406098 45.40976356
853 10.57098180 63.39640520
854 10.88593603 75.86736025
855 16.70009043 44.67926985
856 20.13455987 52.28349578
857 9.71861565 36.27742812
858 9.58249380 45.45513149
859 16.03787824 36.80296946
860 11.35206686 23.86553554
861 10.23148535 36.22157394
862 11.51470454 24.01755693
863 9.65579744 35.79619313
864 15.50266052 36.43057214
865 10.03829618 35.99529614
866 11.36363636 23.86363636
867 11.57529026 24.09347298
868 11.04092505 23.57099189
869 10.48441654 36.32302145
870 11.30791558 23.82190229
871 10.44015490 36.11470930
872 9.41339297 35.91445916
873 9.59277089 46.99653258
874 9.01871828 36.14899480
875 10.24155220 36.22358764
876 8.53352433 45.26939444
877 9.56108137 46.04155923
878 9.13163121 35.98128981
879 8.83901840 46.30111700
880 10.19382038 36.94779475
881 9.27399732 46.34915732
882 9.23148214 47.93859733
883 9.14075906 47.80781336
884 9.36218292 47.01388611
885 9.21644171 46.78426517
886 9.40055546 36.60501078
887 9.13749264 36.42004271
888 20.54363769 49.49421965
889 20.14534018 47.83236994
890 71.26899143 55.16273174
891 37.47852642 52.09577883
892 37.45298311 52.07742732
893 62.49926430 49.98931736
894 67.51562595 49.98948071
895 62.49928214 49.98957634
896 62.49927776 49.98951278
897 62.49927333 49.98944844
898 62.49927109 49.98941597
899 62.49926658 49.98935044
900 49.68530872 52.09169059
901 49.67128992 62.50026053
902 49.66457581 52.09624269
903 49.65940615 52.09936877
904 49.67155898 52.09375682
905 49.65940615 52.09890424
906 49.70277434 87.54149267
907 49.33209262 75.00832546
908 49.70277434 75.04749854
909 37.47245983 62.50166936
910 49.66539116 75.04749854
911 49.68096749 75.04749854
912 49.67069088 52.11256687
913 37.45920488 62.50166420
914 49.66869507 62.50025421
915 37.48292199 52.09140198
916 49.67274526 52.08618331
917 49.67344855 52.08598448
918 49.67368454 52.08528908
919 37.49199870 62.50166420
920 37.49199870 62.50166420
921 37.49197393 62.50166936
922 37.49197393 62.50166936
923 49.67823052 52.08422577
924 49.68028226 52.08519901
925 49.65940615 52.09145996
926 49.66104703 52.08232410
927 37.47159712 52.09425954
928 37.45481311 52.09078659
929 37.45508208 52.09359369
930 37.33435865 62.50163891
931 37.45341846 62.50166420
932 37.45298311 52.09123356
933 37.45298311 52.07636272
934 62.49926201 49.98928408
935 37.48821895 62.50163395
936 49.69715881 52.08769630
937 49.66720505 52.08870436
938 49.66539116 75.04749854
939 62.49926201 49.98928408
940 49.66359807 62.50025812
941 62.46032120 37.49972496
942 49.66255979 52.11582666
943 37.49197393 62.50166936
944 37.48460191 62.50162901
945 37.47373662 62.50167976
946 37.48509416 62.50167454
947 62.49926430 49.98931736
948 37.49118196 62.50167454
949 49.66359807 52.09843292
950 37.47935379 62.50165399
951 37.47379666 62.50166936
952 37.44751394 62.50165399
953 37.46503779 62.50166420
954 49.65986350 52.08917784
955 37.47283129 52.09800796
956 37.47069814 52.08731987
957 87.58647506 75.03663840
958 81.28567901 75.03574387
959 87.57623159 75.03589343
960 87.58177025 62.50014079
961 87.58211239 62.50014138
962 87.57623159 75.03589343
963 87.58177025 62.50014079
964 87.57623159 75.03589343
965 80.94584524 62.50003501
966 87.57623159 75.03589343
967 87.58211239 62.50014138
968 87.58211239 62.50014138
969 87.58211239 62.50014138
970 87.58211239 62.50014138
971 87.57623159 75.03589343
972 87.58211239 62.50014138
973 81.26657548 62.50003690
974 87.58211239 62.50014138
975 87.58211239 62.50014138
976 81.26657548 62.50003690
977 87.65137017 87.53274473
978 81.01691111 62.50003543
979 87.57623159 75.03589343
980 87.58683688 75.03679169
981 87.57623159 75.03589343
982 87.57623159 75.03589343
983 87.63329818 58.16496271
984 87.62853285 75.03589343
985 87.63385359 58.20723238
986 87.58211239 62.50014138
987 87.58177025 62.50014079
988 81.27139648 62.50003690
989 81.08291517 87.60559816
990 87.57623159 87.55512257
991 87.57623159 87.55512257
992 81.27139648 62.50003690
993 87.58211239 62.50014138
994 87.58211239 62.50014138
995 87.58211239 62.50014138
996 87.57623159 75.03589343
997 87.58647307 75.04134870
998 87.59494643 87.51467433
999 87.58647307 75.04780032
1000 87.59494643 75.04587907
1001 87.58211239 62.50014138
1002 87.57623159 75.03589343
1003 81.07451986 62.50003572
1004 81.24367083 75.03544847
1005 81.29268621 62.50003706
1006 37.27168480 75.00000000
1007 92.30895496 89.77929537
1008 92.30895496 88.62544922
1009 91.97284530 90.33287061
1010 91.97284530 88.54505999
1011 89.94771402 88.06272461
1012 89.94771402 88.63964769
1013 69.23010696 37.50000000
1014 69.22093097 37.50000000
1015 69.19122532 25.00000000
1016 69.16701296 25.00000000
1017 69.16159821 25.00000000
1018 69.16231944 25.00000000
1019 69.12596203 12.50000000
1020 69.15274740 25.00000000
1021 69.15158264 12.50000000
1022 69.15984210 12.50000000
1023 69.16491458 12.50000000
1024 69.27640257 37.50000000
1025 69.26931845 37.50000000
1026 69.12642874 37.50000000
1027 69.16480404 12.50000000
1028 69.21625366 25.00000000
1029 69.12372096 12.50000000
1030 69.17324202 25.00000000
1031 69.20658142 25.00000000
1032 75.01509653 37.50000000
1033 69.17936843 37.50000000
1034 69.08165032 37.50000000
1035 69.08489454 37.50000000
1036 69.22493267 37.50000000
1037 69.09441810 25.00000000
1038 69.07252549 25.00000000
1039 69.12438740 12.50000000
1040 69.14870035 25.00000000
1041 69.05140819 25.00000000
1042 69.15629981 12.50000000
1043 69.11371681 25.00000000
1044 69.11746932 25.00000000
1045 69.09564029 37.50000000
1046 69.08016051 37.50000000
1047 69.13536133 12.50000000
1048 69.13646698 12.50000000
1049 69.07529601 12.50000000
1050 69.16007774 12.50000000
1051 69.13414948 25.00000000
1052 69.14930280 12.50000000
1053 69.04518446 25.00000000
1054 69.05486834 25.00000000
1055 69.02517732 25.00000000
1056 68.97633515 25.00000000
1057 68.97167174 25.00000000
1058 69.02972583 25.00000000
1059 69.08814548 12.50000000
1060 69.04514527 12.50000000
1061 69.03505676 12.50000000
1062 69.04292605 12.50000000
1063 69.01960532 25.00000000
1064 69.06315332 12.50000000
1065 69.05113604 25.00000000
1066 62.49585350 25.00000000
1067 69.07425026 12.50000000
1068 69.09084997 25.00000000
1069 69.05328514 12.50000000
1070 69.02684720 12.50000000
1071 62.46208734 25.00000000
1072 62.46100412 25.00000000
1073 62.50000000 76.66708713
1074 75.00000000 37.50000000
1075 69.40365582 37.50000000
1076 69.20038676 37.50000000
1077 69.14729413 25.00000000
1078 69.14004248 25.00000000
1079 69.08647771 37.50000000
1080 69.08452897 37.50000000
1081 69.28591350 37.50000000
1082 69.17471201 12.50000000
1083 69.05320671 12.50000000
1084 69.11490613 12.50000000
1085 69.16193894 12.50000000
1086 69.03972075 12.50000000
1087 69.26803360 12.50000000
1088 69.19888479 25.00000000
1089 69.15756417 37.50000000
1090 62.50000000 76.08558533
1091 62.50000000 76.04757748
1092 69.11415521 12.50000000
1093 69.34872360 49.92443418
1094 69.18065753 12.50000000
1095 69.14097070 37.50000000
1096 69.19635907 12.50000000
1097 69.20392706 25.00000000
1098 69.19383954 25.00000000
1099 69.14210488 37.50000000
1100 69.20913040 25.00000000
1101 69.18873651 25.00000000
1102 69.13738466 37.50000000
1103 69.13148815 37.50000000
1104 69.13426175 37.50000000
1105 75.08197591 37.50000000
1106 69.19674230 37.50000000
1107 75.00181144 37.50000000
1108 75.01268005 37.50000000
1109 69.36896690 49.92036438
1110 75.01125860 37.50000000
1111 69.31570533 37.50000000
1112 72.50459666 75.08753478
1113 75.00000000 37.50000000
1114 69.01573048 49.92720661
1115 69.29891992 37.50000000
1116 62.50000000 62.50000000
1117 69.13979274 49.93737831
1118 69.11165543 49.93737831
1119 69.36947654 49.91381857
1120 69.16451914 37.50000000
1121 70.49963325 53.79741199
1122 75.00000000 37.50000000
1123 71.45415820 54.74000799
1124 21.19565217 36.37500000
1125 69.35527328 49.91361720
1126 75.02726263 37.50000000
1127 87.50000000 49.15018452
1128 48.56868758 36.11111111
1129 71.44901575 87.50000000
1130 72.15840694 87.50000000
1131 72.43365771 87.50000000
1132 71.64677842 87.50000000
1133 62.50000000 76.24302785
1134 62.50000000 88.42769940
1135 62.50000000 88.07547454
1136 70.58405118 54.77494791
1137 77.58620690 87.93103448
1138 70.88001153 55.65971807
1139 68.59437544 49.93443969
1140 62.50000000 53.89440389
1141 62.50000000 89.97385626
1142 62.50000000 89.10573072
1143 62.50000000 89.54136593
1144 62.50000000 89.17807195
1145 75.01423268 37.50000000
1146 62.50000000 53.76743802
1147 75.01259045 37.50000000
1148 62.50000000 88.53798205
1149 71.94571113 62.50000000
1150 72.12374336 62.50000000
1151 72.12525064 62.50000000
1152 72.68191318 75.00000000
1153 62.50000000 62.50000000
1154 69.08175797 37.50000000
1155 69.03194241 37.50000000
1156 69.08357290 49.91327500
1157 69.12108021 49.91083403
1158 69.14201990 49.91480210
1159 69.09278208 49.91134855
1160 69.06794288 37.50000000
1161 69.08101362 37.50000000
1162 69.06529913 37.50000000
1163 69.08658379 49.91203395
1164 68.97754673 49.91359675
1165 68.99270270 49.91404593
1166 69.03917691 49.91137184
1167 69.03108719 49.91839049
1168 69.37315177 49.91709487
1169 75.08421101 37.50000000
1170 68.71648682 49.93307820
1171 62.50000000 62.50000000
1172 62.48811950 25.00000000
1173 62.47671399 25.00000000
1174 62.47333154 25.00000000
1175 62.43542438 25.00000000
1176 62.47841120 25.00000000
1177 62.48072515 25.00000000
1178 62.49228613 25.00000000
1179 62.49580491 25.00000000
1180 69.06884786 12.50000000
1181 62.50000000 25.00000000
1182 68.97490375 37.50000000
1183 69.14468591 25.00000000
1184 62.50000000 75.82377371
1185 75.01405301 37.50000000
1186 75.00234217 37.50000000
1187 62.50000000 53.77655335
1188 75.01441782 37.50000000
1189 75.05989368 37.50000000
1190 75.01173314 37.50000000
1191 78.44827586 25.00000000
1192 68.17753620 49.93674579
1193 75.02932751 37.50000000
1194 75.01955167 37.50000000
1195 68.98376462 12.50000000
1196 68.64141825 49.93576768
1197 71.51927160 55.64318918
1198 62.50000000 62.50000000
1199 62.50000000 54.46749091
1200 62.50000000 54.46677702
1201 62.50000000 54.50405761
1202 62.50000000 62.50000000
1203 62.50000000 54.47198948
1204 62.50000000 54.16073486
1205 62.50000000 54.08810336
1206 62.50000000 54.22116600
1207 62.50000000 54.26964941
1208 62.50000000 54.48500910
1209 62.50000000 76.19488698
1210 62.50000000 75.80042365
1211 62.50000000 76.29282243
1212 68.03687928 37.50000000
1213 69.18386134 12.50000000
1214 69.20252179 12.50000000
1215 69.31973945 37.50000000
1216 69.13023763 25.00000000
1217 71.13978953 62.50000000
1218 70.95419744 55.65800739
1219 71.38988007 87.50000000
1220 71.73258588 87.50000000
1221 71.53055051 87.50000000
1222 62.50000000 62.50000000
1223 62.50000000 54.49590326
1224 62.46711122 25.00000000
1225 70.56907410 53.75581724
1226 62.50000000 53.47881352
1227 75.06935579 37.50000000
1228 75.06831329 37.50000000
1229 62.50000000 53.81350757
1230 71.54140341 87.50000000
1231 62.50000000 53.63389810
1232 62.50000000 53.60335477
1233 62.50000000 88.15282648
1234 72.09018967 62.50000000
1235 62.50000000 75.88999910
1236 62.50000000 62.50000000
1237 75.06986672 37.50000000
1238 75.01546917 37.50000000
1239 75.06707707 37.50000000
1240 62.50000000 75.34207063
1241 75.00000000 37.50000000
1242 90.03466239 87.50000000
1243 72.50000000 54.82004648
1244 89.93902439 25.00000000
1245 89.63414634 25.00000000
1246 35.75200300 75.22012025
1247 35.12533383 76.99854158
1248 36.28710198 75.00000000
1249 36.28710198 75.00000000
1250 22.61734500 62.50000000
1251 22.50813575 88.88888889
1252 73.58096342 75.00575391
1253 35.94983925 76.63156973
1254 11.73292634 75.20539335
1255 11.58138284 75.40866398
1256 11.66974170 62.50000000
1257 11.71586716 62.50000000
1258 11.54774241 75.22493045
1259 19.62497090 62.50000000
1260 19.15669689 62.50000000
1261 19.43944475 62.50000000
1262 19.65057666 62.50000000
1263 19.86185932 75.61715100
1264 34.01419020 75.00000000
1265 12.11316802 76.08668199
1266 21.44928543 62.50000000
1267 34.06410728 75.00000000
1268 21.10923777 62.50000000
1269 20.10261117 87.50000000
1270 20.00031309 75.94135553
1271 20.58860940 62.50000000
1272 20.60875154 62.50000000
1273 22.08772778 62.50000000
1274 21.30233383 62.50000000
1275 21.72906928 56.96310469
1276 36.23517064 75.00000155
1277 23.25992475 57.04539487
1278 35.12769572 75.00000071
1279 22.68204059 57.27883846
1280 36.15827370 75.00000667
1281 36.56232348 75.00001043
1282 21.87008355 56.95048844
1283 36.49727029 75.00005479
1284 23.06897020 57.21077903
1285 21.81068126 62.50000000
1286 35.80315445 75.00000438
1287 36.07760352 75.00000355
1288 36.11129779 75.00000732
1289 36.55416775 75.00000635
1290 35.84751885 75.00002658
1291 23.27300779 57.04666384
1292 20.55438765 62.50000000
1293 21.06011754 56.90459005
1294 36.33635156 75.00002832
1295 36.35688858 75.00002799
1296 36.37613610 75.00003091
1297 21.82833266 57.26490984
1298 11.84702971 76.33546219
1299 11.95460372 75.62668957
1300 12.01475204 75.50101153
1301 11.23000375 75.33838534
1302 12.06492215 75.41723372
1303 19.79345136 75.34016610
1304 19.83833465 75.31467618
1305 20.19829445 62.50000000
1306 19.76794799 75.32696329
1307 19.73329704 75.34193244
1308 20.14598228 75.34432920
1309 19.95530578 75.32486475
1310 20.00053583 75.33132430
1311 19.95132077 75.36060610
1312 20.12127129 75.35339398
1313 19.79243525 75.35217104
1314 19.79760914 62.50000000
1315 19.97300090 75.38563141
1316 20.12558406 62.50000000
1317 20.39415882 62.50000000
1318 19.85577390 75.39638805
1319 19.83112819 75.36823472
1320 20.01105892 75.32911354
1321 20.00806445 62.50000000
1322 19.74186175 75.48085153
1323 20.41310518 75.63532754
1324 20.41778538 75.63532754
1325 20.03770532 75.36598892
1326 19.92944340 75.47940838
1327 19.71089876 75.44506497
1328 19.81608090 75.39972650
1329 19.76480792 75.39660124
1330 19.64624017 75.41422796
1331 19.59287695 75.40915275
1332 19.79235131 75.39308811
1333 19.68726342 75.36294459
1334 19.87819207 75.39086866
1335 19.80078778 75.36872752
1336 19.84807409 75.35025086
1337 12.26962266 75.50489231
1338 19.78190514 75.36692947
1339 35.02399201 75.00037059
1340 21.58234775 57.20634227
1341 20.98991001 62.50000000
1342 22.38023032 57.05370000
1343 20.91146049 62.50000000
1344 20.79370537 56.93216036
1345 20.72900425 56.87949569
1346 19.70738780 75.57901429
1347 21.21653864 87.95272079
1348 20.01897759 62.50000000
1349 20.14096480 57.12237911
1350 20.35592545 75.59130833
1351 19.94323457 75.71579430
1352 12.13414723 75.70064310
1353 12.10242840 75.60142607
1354 19.44933692 62.50000000
1355 20.26807980 62.50000000
1356 20.48764186 62.50000000
1357 20.82525400 62.50000000
1358 11.22756300 75.58676794
1359 11.41632619 75.92964081
1360 11.22360243 88.34476004
1361 11.33944884 88.23457395
1362 11.38780514 88.20396670
1363 19.48560484 62.50000000
1364 11.42864237 75.52800475
1365 11.75106833 75.34753507
1366 11.75106833 75.34753507
1367 11.57533308 75.45435402
1368 18.86391111 62.50000000
1369 12.10808018 75.44355254
1370 20.62150141 62.50000000
1371 20.97300987 62.50000000
1372 20.90652638 62.50000000
1373 20.82199305 62.50000000
1374 20.77136505 62.50000000
1375 20.49852892 62.50000000
1376 19.99206946 62.50000000
1377 20.44454293 57.28592116
1378 22.43342876 57.15953009
1379 22.37495422 56.99459268
1380 20.24225087 62.50000000
1381 10.86647044 75.33740571
1382 10.40754800 87.50000000
1383 10.07087483 87.50000000
1384 10.05382578 89.61190010
1385 19.19790226 62.50000000
1386 10.94055184 75.33277150
1387 11.56581578 75.18193655
1388 10.94302630 75.18572644
1389 35.23582856 75.00003027
1390 35.35362358 88.55633803
1391 34.99589417 88.73239437
1392 21.86990201 88.53479037
1393 36.49100167 75.00002107
1394 35.07182130 75.00000266
1395 35.47573473 75.00000843
1396 21.76517293 87.99955397
1397 10.02337545 75.38239168
1398 12.05363264 75.39569539
1399 12.07889435 75.75346252
1400 12.05431908 75.71731104
1401 12.12850729 75.65568344
1402 11.42913361 75.65806705
1403 71.27726749 55.14363512
1404 62.49926201 37.49972496
1405 67.50609779 49.98438751
1406 62.49926201 49.98928408
1407 62.49926201 49.98928408
1408 37.49204779 52.08434140
1409 62.46300714 37.49973246
1410 62.49987518 12.49908228
1411 37.45298311 62.54062057
1412 37.45298311 62.54062057
1413 87.57623159 75.03589343
1414 81.18263509 75.03515791
1415 81.20807804 75.03530259
1416 81.18952742 62.50338069
1417 81.11435097 62.50003601
1418 87.58211239 62.50014138
1419 87.58076074 58.18442107
1420 81.08707476 58.02596743
1421 81.23050247 62.50426953
1422 81.24749139 62.50003645
1423 87.58211239 62.50014138
1424 87.64132596 58.01689295
1425 73.15536231 87.51393629
1426 72.66361670 87.52297193
1427 72.79120661 87.51656157
1428 73.16363884 87.51204583
1429 73.00496336 87.51479497
1430 73.27939683 87.51123050
1431 72.21487616 87.52300155
1432 72.60716199 87.51754504
1433 72.64194179 87.51720134
1434 72.48884118 87.51745774
1435 71.14789731 87.58136025
1436 72.07566194 87.51882489
1437 61.48040425 87.81213912
1438 61.94336721 87.81213912
1439 79.01127231 56.37915274
1440 72.27517533 87.51689844
1441 72.43803968 87.51741654
1442 71.27218506 87.51432594
1443 71.14012954 87.52550732
1444 80.50885104 55.48610907
1445 89.54545455 23.18181818
1446 89.06250000 87.81250000
1447 89.31818182 24.77272727
1448 77.35898382 87.53125000
1449 71.28354929 87.58715882
1450 61.94336721 87.81213912
1451 75.78342626 87.59375000
1452 78.44889344 57.47956373
1453 79.06383446 56.54411967
1454 79.06699540 57.12712910
1455 77.56348541 57.00384624
1456 88.75000000 48.80000000
1457 91.66666667 25.00000000
1458 45.20481202 37.50000000
1459 44.81359098 37.50000000
1460 36.45408455 47.83801010
1461 36.70454545 75.85561497
1462 44.64989165 10.61715481
1463 93.75000000 12.50000000
1464 36.90379075 48.22477653
1465 45.33102902 37.48274594
1466 45.73565961 37.48274594
1467 36.47727273 88.46153846
1468 91.66666667 23.00000000
1469 8.33333333 8.33333333
1470 46.29596424 37.32745942
1471 45.75557058 10.19874477
1472 44.36668170 10.19874477
1473 44.91684263 10.77405858
1474 6.25000000 22.00000000
1475 45.02326676 24.25000000
1476 35.93750000 45.49446888
1477 35.71137226 46.31250320
1478 35.60297058 45.51745703
1479 21.43949677 44.76524670
1480 48.59246927 10.73315720
1481 61.38847909 10.33062084
1482 48.81216616 10.73315720
1483 61.30655839 10.45823138
1484 61.35557368 11.16499744
1485 61.45386267 10.45823138
1486 37.45440356 62.51522417
1487 62.49926658 49.98932291
1488 62.49926201 49.98905836
1489 62.49987479 12.49129126
1490 62.49987479 12.46013861
1491 62.49987479 12.47571493
1492 62.49926201 49.98897895
1493 67.52119349 49.98949099
1494 67.50799525 49.98951011
1495 49.66720505 52.08153563
1496 62.49926430 49.98931736
1497 62.49927776 49.98910299
1498 62.49926430 49.98930075
1499 62.49926884 49.98884418
1500 62.49926201 49.98918198
1501 67.53415288 49.98948071
1502 62.49926430 49.98817156
1503 62.49928430 49.98944469
1504 67.51507067 49.98957806
1505 37.43406456 62.50160477
1506 49.30266636 75.00822464
1507 87.62853285 75.04007753
1508 87.62853285 87.50282132
1509 87.63441364 58.23175142
1510 87.62853285 75.03589343
1511 87.63441364 58.23100031
1512 87.62853285 75.04007753
1513 87.63441364 62.50014138
1514 87.62853285 87.51328157
1515 87.62799730 75.03574387
1516 87.62853285 87.50282132
1517 87.63441364 58.23097322
1518 87.62853285 87.50282132
1519 87.63441364 58.23099410
1520 87.63441364 58.23107414
1521 87.63441364 62.50014138
1522 87.62853285 87.53420207
1523 87.62853285 87.50282132
1524 87.63441364 58.23099467
1525 87.63441364 58.23098488
1526 87.63441364 58.23106003
1527 87.62853285 75.03589343
1528 87.63385359 62.50014079
1529 87.62853285 75.03589343
1530 87.63329818 58.20609994
1531 87.58211239 62.50014138
1532 81.16426404 62.50003630
1533 87.62853285 75.03589343
1534 87.63441364 62.50014138
1535 81.11435097 62.50003601
1536 87.58211239 62.50014138
1537 81.18263509 87.55609977
1538 81.15739985 87.55587079
1539 81.23276939 87.55633063
1540 81.15739985 87.55587079
1541 81.13236977 87.55564367
1542 75.03024944 37.50000000
1543 71.42897119 54.60266262
1544 75.02902430 37.50000000
1545 75.02884051 49.99550553
1546 62.50000000 53.28708707
1547 75.03056269 49.99556364
1548 75.04736486 49.99569039
1549 75.03209554 49.99523155
1550 75.04943321 49.99556364
1551 62.50000000 53.25279332
1552 75.02310338 49.99683577
1553 75.02636838 49.99668607
1554 75.02484132 49.99645029
1555 87.50006502 49.72900120
1556 75.02435244 49.99646354
1557 75.03256817 49.99520941
1558 75.04943321 49.99556364
1559 62.50000000 53.24981597
1560 70.65568818 53.75308712
1561 62.50000000 53.34320180
1562 62.50000000 53.53938556
1563 62.50000000 53.59150758
1564 75.08317136 49.99537513
1565 75.08622209 49.99533145
1566 62.50000000 53.52975177
1567 62.50000000 53.58429300
1568 75.01602205 49.99798580
1569 62.50000000 53.60310516
1570 62.50000000 53.60199825
1571 62.50000000 53.62300677
1572 62.50000000 53.64825026
1573 62.50000000 53.54779560
1574 69.24129130 49.99510778
1575 69.16424135 49.99453644
1576 72.07526990 55.17524955
1577 72.47885875 55.64156209
1578 68.07870296 49.92754352
1579 75.03266873 37.50000000
1580 68.19605965 37.50000000
1581 75.05124932 37.50000000
1582 75.05012406 49.99505510
1583 75.04798654 49.99453762
1584 75.09364713 49.99468624
1585 75.09749722 49.99465216
1586 75.09367495 49.99468494
1587 87.50000000 49.99465216
1588 68.83180917 49.99465037
1589 67.85000193 49.95695187
1590 68.22240336 49.93804511
1591 67.79436384 49.96310161
1592 67.73868626 49.96722495
1593 75.03356334 37.50000000
1594 75.03265470 49.99494012
1595 75.03115869 49.99507133
1596 75.03185350 49.99497473
1597 75.03446893 49.99515462
1598 75.03446966 49.99515459
1599 75.04530986 37.50000000
1600 75.04726125 37.50000000
1601 75.04408997 37.50000000
1602 75.04598000 49.99459226
1603 75.02561761 49.99633937
1604 75.02511345 49.99635303
1605 75.02831868 49.99616142
1606 75.02571957 49.99630595
1607 75.04384868 49.99644183
1608 75.02079649 49.99698573
1609 75.03684123 49.99701122
1610 75.04006150 49.99600042
1611 75.01551984 49.99768169
1612 75.03223502 37.50000000
1613 75.03538504 49.99471646
1614 75.02699125 49.99645609
1615 22.90451223 54.48133667
1616 48.20720650 75.00000000
1617 49.01292362 75.00000000
1618 48.70689655 75.00000000
1619 62.37966045 62.50000000
1620 62.42699479 62.50000000
1621 61.86804786 62.50000000
1622 62.42887969 62.50000000
1623 62.39430154 62.50000000
1624 47.06765063 75.00000000
1625 48.27586207 75.00000000
1626 71.68064532 62.50000000
1627 71.04570806 55.57357844
1628 70.64803393 55.44835225
1629 70.71687469 55.49657279
1630 70.74307377 55.63165430
1631 70.89757009 62.50000000
1632 62.48904201 62.50000000
1633 62.49093922 62.50000000
1634 70.84870714 55.34239266
1635 62.48239745 54.57761945
1636 62.43048995 62.50000000
1637 62.43370081 62.50000000
1638 93.75000000 75.00000000
1639 93.75000000 12.50000000
1640 22.90451223 53.78412551
1641 36.20901053 75.00000000
1642 36.33810948 75.00000000
1643 36.27695735 75.00000000
1644 22.52541303 54.59740718
1645 22.61706440 54.42603988
1646 22.52541303 54.74817092
1647 22.52541303 54.74817092
1648 22.03671802 55.01093071
1649 22.03671802 55.06073150
1650 49.66383353 87.54149267
1651 49.66383353 75.04749854
1652 49.66539116 87.54149267
1653 49.66383353 87.54149267
1654 62.49926201 49.98928408
1655 49.70277434 87.54149267
1656 37.45327424 62.51560124
1657 37.45298311 52.08362087
1658 49.67257007 52.10880461
1659 49.66487753 75.04735102
1660 62.49987557 12.46038543
1661 49.68466794 62.50026053
1662 49.68289532 62.50026053
1663 37.45327424 62.50166936
1664 49.68017174 62.50026053
1665 49.65940615 52.09218989
1666 62.49926658 37.49972666
1667 62.49926430 37.49972581
1668 62.49926430 37.49972581
1669 62.49926430 49.98931736
1670 62.49926884 37.49972751
1671 49.68608049 62.50026053
1672 49.67029999 52.11110716
1673 49.68243970 52.11446998
1674 49.68575518 52.11477819
1675 49.68025147 62.50025972
1676 49.67923528 62.50026053
1677 49.42275868 87.54048373
1678 37.45298311 62.54062057
1679 62.49926201 37.49972496
1680 37.46544417 62.54062057
1681 62.49926201 37.49972496
1682 62.49926658 49.98935044
1683 62.49926430 37.49972581
1684 49.68242516 62.50026053
1685 62.49926201 49.98928408
1686 62.49926201 49.98928408
1687 62.49927776 37.49973083
1688 49.69654381 75.04749854
1689 37.45298311 62.54062057
1690 62.49926201 37.49972496
1691 62.49927776 37.49973083
1692 62.49926658 37.49972666
1693 62.49926201 37.49972496
1694 49.68511456 52.11666180
1695 49.68390285 62.50026053
1696 49.68496542 62.50026053
1697 49.68496542 62.50026053
1698 49.56240879 87.54594874
1699 62.49926201 37.49972496
1700 49.68090392 52.11329046
1701 62.49926658 49.98935044
1702 37.47532905 52.06798376
1703 49.68739443 52.11514216
1704 49.68435980 52.11491030
1705 62.49926658 49.98935044
1706 62.46104925 37.49973000
1707 62.49926884 37.49972751
1708 62.49987671 24.99786927
1709 62.49926201 49.98693050
1710 62.49926201 37.49972496
1711 49.70277434 87.54149267
1712 49.66487753 75.04735102
1713 62.49926201 37.49972496
1714 49.70277434 87.54149267
1715 62.46092977 37.49972918
1716 49.68638592 52.11728311
1717 62.49926658 37.49972666
1718 49.68512781 62.50026053
1719 49.69834696 52.10300872
1720 37.43484027 62.50158589
1721 37.41937941 62.50157202
1722 62.49987518 12.43697048
1723 87.58211239 62.50014138
1724 87.58211239 62.50014138
1725 87.58211239 62.50014138
1726 80.93922426 75.03377374
1727 87.58211239 62.50014138
1728 81.26657548 62.50003690
1729 80.99303448 62.50003529
1730 81.18263509 75.03515791
1731 81.08969633 62.50003586
1732 87.59303742 58.19064161
1733 81.26473007 75.03559556
1734 81.29147174 62.50003690
1735 81.23373125 75.03544847
1736 81.25959736 75.03559556
1737 87.68008063 87.50280956
1738 81.28567901 75.03574387
1739 81.25959736 87.50493088
1740 81.29442126 75.03579358
1741 81.26657548 62.50003690
1742 81.25959736 87.53605121
1743 81.25959736 87.51530433
1744 81.20807804 87.50489030
1745 81.24068054 62.50003675
1746 87.58211239 62.50014138
1747 87.57623159 75.03589343
1748 81.27139648 62.50003690
1749 81.27139648 62.50003690
1750 81.25959736 87.55679810
1751 87.58211239 62.50014138
1752 87.58211239 62.50014138
1753 81.08969633 58.04932254
1754 87.58177025 62.50014079
1755 81.29268621 62.50003706
1756 87.63329818 58.20140903
1757 81.26657548 62.50003690
1758 81.23373125 75.03544847
1759 81.23373125 75.03544847
1760 81.27139648 62.50003690
1761 81.26657548 62.50003690
1762 87.62746619 75.03559556
1763 87.58177025 58.22265572
1764 87.58177025 58.19585672
1765 87.58211239 58.22681179
1766 87.58211239 62.50014138
1767 87.58211239 58.21815386
1768 81.28567901 75.03574387
1769 81.26657548 62.50003690
1770 81.28567901 75.03574387
1771 81.18263509 75.03515791
1772 81.21499872 62.50003660
1773 81.18263509 87.55609977
1774 80.99421539 87.55410412
1775 81.14423561 87.55541839
1776 81.19484290 87.55541839
1777 81.16803971 87.55541839
1778 81.19564876 87.55587079
1779 81.18627614 87.55609977
1780 81.24792951 87.55633063
1781 81.20422423 87.55609977
1782 81.29239389 87.55703476
1783 81.27572003 87.55679810
1784 81.28567901 75.05204144
1785 81.28567901 75.05196881
1786 81.28567901 75.05205651
1787 81.28567901 75.05202932
1788 87.57623159 87.50282132
1789 81.25959736 87.50493088
1790 87.57623159 87.50282132
1791 81.31197892 75.05218122
1792 87.57623159 75.05221450
1793 81.25959736 75.05189062
1794 87.57623159 87.50282132
1795 81.31197892 75.05222138
1796 81.25959736 75.05182631
1797 81.28567901 75.05205670
1798 81.25959736 75.05164609
1799 81.28567901 75.05201809
1800 81.28567901 87.50495143
1801 81.28567901 87.50495143
1802 81.28567901 87.50495143
1803 81.28567901 87.50495143
1804 81.25959736 75.05187608
1805 81.20842730 62.50003645
1806 81.27756596 75.03559556
1807 81.25959736 75.03559556
1808 81.25162561 75.03544847
1809 87.58211239 62.50014138
1810 87.57623159 75.03589343
1811 87.62853285 87.50282132
1812 87.57623159 87.55512257
1813 87.62853285 75.03589343
1814 87.62693947 75.03544847
1815 81.25959736 75.03559556
1816 73.63537224 75.00000000
1817 72.70504114 75.00000000
1818 73.04453795 75.00000000
1819 73.99874156 75.00000000
1820 72.66349024 75.00000000
1821 72.22357287 62.50000000
1822 72.69334118 75.00000000
1823 72.18760475 62.50000000
1824 74.01502262 75.00000000
1825 72.47514768 62.50000000
1826 73.99164886 75.00000000
1827 73.87380151 75.00000000
1828 76.95909587 57.76276085
1829 73.97016132 75.00000000
1830 76.63312020 57.75533827
1831 74.36322167 75.00000000
1832 76.61157008 57.70515272
1833 76.63738836 57.70426587
1834 77.22205867 57.83058591
1835 74.33703557 75.00000000
1836 75.85139313 57.67642429
1837 74.35772804 75.00000000
1838 74.37652225 75.00000000
1839 74.27851243 75.00000000
1840 74.34856554 75.00000000
1841 76.43573076 57.67060304
1842 74.34731577 75.00000000
1843 76.65572067 57.76796910
1844 76.89685946 57.81997391
1845 76.96322414 57.84126598
1846 75.88841575 57.67847054
1847 74.23578752 75.00000000
1848 74.29161815 75.00000000
1849 77.24817656 57.68698206
1850 76.64880430 57.76486216
1851 95.56730492 24.77208525
1852 95.01321804 24.74359590
1853 94.30082061 24.84982389
1854 47.56856216 10.00000000
1855 77.92717294 24.95379819
1856 78.10191729 24.95379819
1857 72.88845191 62.50000000
1858 90.54212437 24.88656838
1859 89.45565138 24.90759638
1860 72.51829652 62.50000000
1861 73.12735845 62.50000000
1862 72.56636866 75.00000000
1863 11.72297297 88.68243243
1864 20.48345639 91.03254367
1865 20.54827121 91.03254367
1866 21.25802934 91.03254367
1867 21.25802934 91.03254367
1868 21.25802934 91.03254367
1869 21.25802934 91.03254367
1870 21.25802934 91.03254367
1871 21.25802934 91.03254367
1872 20.48345639 91.03254367
1873 21.25802934 91.03254367
1874 21.25802934 91.03254367
1875 11.72297297 88.68243243
1876 21.25802934 91.03254367
1877 20.91125470 91.23295047
1878 21.25802934 91.03254367
1879 21.25802934 91.03254367
1880 21.25802934 91.03254367
1881 21.25802934 91.03254367
1882 21.25802934 91.03254367
1883 21.25802934 91.03254367
1884 8.07432432 92.06081081
1885 10.00000000 91.66666667
1886 11.66666667 91.66666667
1887 36.86396637 91.66666667
1888 36.87198019 91.66666667
1889 58.33333333 91.66666667
1890 36.86812567 91.66666667
1891 36.86854493 91.66666667
1892 36.86854418 91.66666667
1893 10.00000000 91.66666667
1894 36.85849284 91.66666667
1895 36.74915323 91.66666667
1896 8.07432432 92.06081081
1897 36.83845291 91.66666667
1898 21.63708490 92.91098349
1899 58.33333333 91.66666667
1900 58.33333333 91.66666667
1901 58.33333333 91.66666667
1902 58.33333333 91.66666667
1903 36.83237903 91.66666667
1904 36.85875872 91.66666667
1905 73.31222003 55.33489008
1906 73.50671660 75.00000000
1907 73.50727997 75.00000000
1908 73.50777272 75.00000000
1909 72.01455995 55.75168032
1910 72.01343321 62.50000000
1911 72.01554544 62.50000000
1912 62.11741373 25.00000000
1913 62.50000000 53.90273125
1914 70.50361837 54.04437443
1915 62.50000000 53.85441639
1916 77.32238969 11.38027917
1917 76.60548459 11.94013958
1918 87.50038084 48.88976090
1919 70.93519399 53.41768426
1920 71.60527135 55.43965673
1921 72.28346894 62.50000000
1922 79.19499131 57.26265443
1923 62.39472934 75.23964451
1924 48.79640222 87.50000000
1925 49.05664764 75.05186968
1926 62.39472934 75.23964451
1927 71.90755307 87.50748752
1928 62.25877440 75.20923327
1929 62.31059921 75.17302090
1930 62.34488971 75.17902174
1931 62.31608890 75.25501414
1932 62.31553358 75.25481813
1933 61.60976084 75.24181072
1934 67.91536065 50.00000000
1935 62.09490761 75.68988458
1936 62.50000000 62.50667331
1937 49.51284998 75.00000000
1938 62.50000000 62.50667331
1939 49.36657371 75.00000000
1940 49.36644051 75.00000000
1941 49.36651790 75.00000000
1942 49.36645932 75.00000000
1943 62.50000000 62.50667331
1944 62.50000000 62.50667331
1945 62.50000000 62.50667331
1946 62.50000000 62.50667331
1947 62.50000000 62.50695136
1948 62.50000000 62.50641664
1949 62.50000000 62.50695136
1950 62.50000000 62.50695136
1951 62.50000000 62.50695136
1952 62.50000000 62.50695136
1953 62.50000000 62.55246673
1954 62.50000000 62.50641664
1955 62.50000000 62.50641664
1956 62.50000000 62.50695136
1957 62.50000000 62.50641664
1958 71.22691610 87.50152362
1959 6.25000000 75.50000000
1960 61.32260103 87.75538655
1961 71.10987319 87.58362521
1962 61.96083788 76.48680324
1963 62.50000000 62.50695136
1964 71.27233972 75.07720799
1965 62.40177224 75.14486264
1966 48.93097857 75.05878564
1967 62.34292452 75.25232510
1968 71.80665728 87.50195895
1969 71.68949134 87.50137126
1970 71.66642559 87.50137126
1971 48.60285829 75.00000000
1972 48.57765185 75.00000000
1973 48.57841105 75.00000000
1974 48.57823659 75.00000000
1975 62.45899307 75.15090881
1976 62.36868348 75.26149910
1977 62.36869245 75.24748041
1978 62.42806894 75.23131313
1979 62.38054988 75.26772567
1980 62.46192214 75.08914824
1981 61.94336721 87.81213912
1982 61.48040425 87.81213912
1983 61.94399116 87.80099129
1984 61.32609194 87.75538655
1985 61.33755863 87.75538655
1986 61.99440264 87.77186310
1987 61.32597521 87.75538655
1988 61.36078835 87.96846342
1989 61.45069135 87.75538655
1990 61.62286727 87.76336738
1991 62.01038634 87.75538655
1992 62.00094584 87.75538655
1993 61.99440264 87.77186310
1994 48.41391094 87.56944444
1995 62.02605520 87.75538655
1996 9.37500000 75.00000000
1997 34.37500000 75.00000000
1998 9.37500000 76.50000000
1999 77.09814042 75.01193119
2000 9.37500000 89.37500000
2001 33.33333333 8.33333333
2002 91.66666667 10.00000000
2003 72.72064269 75.00000000
2004 71.55891772 75.00000000
2005 71.56019485 75.00000000
2006 71.55776615 75.00000000
2007 8.33333333 75.00000000
2008 8.33333333 21.33333333
2009 71.55731290 75.00000000
2010 8.33333333 91.66666667
2011 8.33333333 88.33333333
2012 71.39883318 87.50000000
2013 62.18901889 75.61049484
2014 21.87500000 55.20200591
2015 62.03864181 75.18077094
2016 62.05225460 75.16739506
2017 48.38280110 89.06824359
2018 62.17332294 75.13371484
2019 22.31951312 57.05517552
2020 71.73613096 87.50000000
2021 93.75000000 25.00000000
2022 34.06043515 25.00000000
2023 9.37500000 22.14583333
2024 9.37500000 23.22916667
2025 19.16666667 45.41935484
2026 34.06043515 44.68328446
2027 78.01724138 90.08620690
2028 71.08843585 75.00000000
2029 71.25414711 55.17704132
2030 87.50000027 49.18065670
2031 87.50000206 49.27937433
2032 87.50000345 37.50000000
2033 87.50000052 49.21651303
2034 62.50000000 54.32092261
2035 87.50100529 49.43899527
2036 95.22662498 24.78909742
2037 62.50000000 76.37500000
2038 91.87152130 12.09177600
2039 76.71730232 24.96766502
2040 87.52030780 37.50000000
2041 87.52030780 48.67515607
2042 21.15073009 90.55994257
2043 89.91682279 90.62500000
2044 76.89141832 24.95284354
2045 77.36158200 24.95374890
2046 89.61672817 22.89482597
2047 77.37358397 24.95318550
2048 87.50000075 48.75151186
2049 87.50402116 49.38506945
2050 70.97263883 53.98973910
2051 77.81408009 12.50000000
2052 77.47339899 24.69491525
2053 87.50000957 37.50000000
2054 87.50000103 37.50000000
2055 76.75128734 24.89870086
2056 76.71820677 24.96777585
2057 87.55971398 37.50000000
2058 93.94128125 10.96449533
2059 95.78848736 22.36807223
2060 90.00000000 23.47457627
2061 79.49981984 54.89675925
2062 72.49687920 88.46153846
2063 77.49907410 55.54035874
2064 94.21033067 8.94008091
2065 93.72017985 11.00233506
2066 87.51871969 37.50000000
2067 77.08665023 24.94926031
2068 77.10927912 24.94826520
2069 88.45725048 37.50000000
2070 87.56092340 37.50000000
2071 87.56092340 37.50000000
2072 87.55791484 37.50000000
2073 87.55023557 37.50000000
2074 87.55364137 37.50000000
2075 77.81843908 24.88584931
2076 77.10488271 24.93272134
2077 77.13234169 24.93077006
2078 87.55702416 37.50000000
2079 87.55392071 48.72925880
2080 76.22206201 52.31103547
2081 76.60689519 52.44258825
2082 77.76518113 24.89255552
2083 87.55044196 37.50000000
2084 87.55044196 37.50000000
2085 77.73668247 24.76628067
2086 87.55126888 37.50000000
2087 77.79583669 12.50000000
2088 37.08486234 87.52569964
2089 37.09940712 87.52481344
2090 37.00697799 87.52569964
2091 37.07838553 87.52569964
2092 37.00696553 87.53064708
2093 45.86750928 87.50011500
2094 36.98909712 87.52569964
2095 45.75675516 87.50002421
2096 37.02307068 87.52569964
2097 37.08486234 87.52569964
2098 36.99884674 87.53064708
2099 36.99888300 87.53064708
2100 37.10510819 87.52306188
2101 36.07685642 87.74947779
2102 36.58229400 87.52481344
2103 46.06279366 87.50011859
2104 37.09939188 87.52481344
2105 36.98909690 87.52569964
2106 46.50968823 87.50010541
2107 46.19225092 87.50011500
2108 37.10108393 87.51565723
2109 87.50000116 37.50000000
2110 87.50000957 37.50000000
2111 87.50000960 37.50000000
2112 87.50000114 37.50000000
2113 76.95668385 24.90301131
2114 76.70649665 24.96843490
2115 87.50000101 37.50000000
2116 87.50000101 37.50000000
2117 76.89935902 24.92783161
2118 87.50000104 37.50000000
2119 76.56113003 24.83720591
2120 87.50000106 37.50000000
2121 87.50000107 37.50000000
2122 87.50000104 37.50000000
2123 87.50000106 37.50000000
2124 87.50000104 37.50000000
2125 76.73122437 24.90105666
2126 76.84044564 24.96594444
2127 76.72892190 24.96766502
2128 76.71735595 24.96777585
2129 87.50000101 37.50000000
2130 76.68039717 24.96843490
2131 76.96393193 24.94210592
2132 76.99008002 24.94041037
2133 76.71348993 24.96766502
2134 87.50000095 37.50000000
2135 87.50000099 37.50000000
2136 77.31075449 56.59864682
2137 87.73931262 49.13128908
2138 92.40992287 22.25220935
2139 76.72711500 24.90105666
2140 87.50000038 49.27556286
2141 87.50000097 37.50000000
2142 37.04495749 87.53371179
2143 45.96479639 87.50019973
2144 45.72100104 87.50022180
2145 37.23551869 76.89210855
2146 37.13008651 87.52170530
2147 37.08738957 87.51839031
2148 45.72106031 87.50022180
2149 45.97635423 87.50020948
2150 37.10266216 87.52969684
2151 89.43165624 24.94727436
2152 77.92801880 24.94117940
2153 77.30427961 24.95468626
2154 72.99047738 87.50000000
2155 72.42927908 87.50000000
2156 62.50000000 89.75903614
2157 87.50000000 48.81099476
2158 87.50000019 48.77198688
2159 87.50000042 49.53302616
2160 69.23492183 25.00000000
2161 22.28260870 45.67537313
2162 34.11003546 46.22636816
2163 87.50000050 48.90281538
2164 87.50000000 37.50000000
2165 87.50000000 37.50000000
2166 77.32980608 12.50000000
2167 87.50000117 49.46411799
2168 62.50000000 88.55421687
2169 70.59552940 53.08902288
2170 87.50000055 49.35127224
2171 87.50000000 48.74689447
2172 77.32980608 12.50000000
2173 87.50000052 49.21651303
2174 35.99654406 47.78793532
2175 62.50000000 53.50243864
2176 76.70085144 24.96766502
2177 77.41445692 12.47870425
2178 73.21331376 53.88832101
2179 76.89010886 12.49806402
2180 87.52511778 49.24449855
2181 87.52563444 49.24271115
2182 87.51425604 48.83470178
2183 87.52985699 49.26867986
2184 87.52682068 49.26241757
2185 71.80446920 54.85377681
2186 87.50000000 48.76874234
2187 69.40581458 25.00000000
2188 77.92199433 12.31293620
2189 78.22380144 12.31027423
2190 87.50000065 49.32025507
2191 87.50000052 49.29853934
2192 92.04002589 12.22988741
2193 93.74292100 10.04422495
2194 92.99732870 10.43977151
2195 93.64916311 11.01743588
2196 94.89500592 10.57866070
2197 94.81713898 10.30495340
2198 91.52763286 11.51815865
2199 95.76475776 9.37605010
2200 96.72667241 10.20205179
2201 76.47610381 52.38958700
2202 78.25371582 53.04444572
2203 88.12497780 24.39936262
2204 97.41999290 21.67039752
2205 97.63837527 21.77208972
2206 97.60020080 21.79917199
2207 94.18621444 23.15032495
2208 97.53554631 23.18160982
2209 91.23517436 24.29800637
2210 90.76827757 24.39165013
2211 90.00000000 89.00000000
2212 73.90870662 75.03370148
2213 74.03988222 75.00657590
2214 73.04123086 54.18293688
2215 77.11249638 54.47442913
2216 88.90703413 23.93484143
2217 78.21851786 12.50000000
2218 77.49487496 24.85056685
2219 77.38183979 24.87735209
2220 88.24490042 24.40276288
2221 87.50007431 49.45747401
2222 72.02363480 53.66662574
2223 77.46695765 12.50000000
2224 88.57741031 24.32953395
2225 89.44623457 23.60105245
2226 70.79753261 53.12028959
2227 70.71065507 53.18039303
2228 90.73223094 23.32383487
2229 90.91053768 23.23386037
2230 91.87440059 11.57289718
2231 87.50000025 48.76153474
2232 71.08886907 54.00028584
2233 89.14613797 23.76318454
2234 78.58833065 12.50000000
2235 22.91552815 53.92882079
2236 22.91552815 54.00725999
2237 36.73971506 75.00000000
2238 93.75000000 87.50000000
2239 22.95555895 54.02267068
2240 22.95555895 54.44725462
2241 22.18639572 55.63349317
2242 22.18639572 55.13753759
2243 22.23500455 55.03610196
2244 22.23500455 55.51984834
2245 61.22969039 10.37785239
2246 49.68467422 62.50026053
2247 49.68472298 62.50026053
2248 49.68250660 62.50026053
2249 49.68466753 62.50026053
2250 49.68549369 62.50026053
2251 49.68545937 62.50026053
2252 49.68496542 62.50026053
2253 62.49926430 37.49972581
2254 62.49926201 37.49972496
2255 62.49927333 37.49972918
2256 62.49926884 49.98938331
2257 62.49926201 49.98928408
2258 62.49926430 37.49972581
2259 49.70277434 75.04749854
2260 49.70277434 75.04749854
2261 49.68096749 87.54149267
2262 49.66383353 87.54149267
2263 62.49926430 49.98931736
2264 49.67707713 62.50026053
2265 49.68339410 62.50026053
2266 49.68496542 62.50026053
2267 49.68477286 62.50026053
2268 49.68608049 62.50026053
2269 49.68466794 62.50026053
2270 49.68638592 62.50026053
2271 49.68343769 62.50026053
