1 88.38996729 51.07482340
2 87.94283415 37.95088892
3 87.92972892 38.01539189
4 87.91707856 37.91984468
5 88.09734428 24.11081296
6 88.11895284 23.97743886
7 88.11895284 23.97603479
8 37.13235294 37.86764706
9 88.11895284 23.97653626
10 88.11895284 23.97746693
11 88.03934969 24.06863772
12 76.13235801 24.10477077
13 37.06531472 12.06596033
14 12.38963058 37.96200041
15 12.22203488 37.96267664
16 12.06913085 37.94771097
17 88.14400833 50.82856643
18 87.95637187 50.85679611
19 87.91670439 37.91938709
20 87.90405403 37.90421914
21 88.09734428 24.11127260
22 88.11895284 23.97789849
23 88.11895284 23.97649443
24 48.16699220 62.87878788
25 88.11895284 23.97699590
26 88.11895284 23.97792657
27 88.03934969 24.08242674
28 76.00157232 24.10523041
29 37.13235294 37.86764706
30 12.38963058 37.96200041
31 12.22203488 37.96267664
32 12.06913085 37.94771097
33 88.04769110 51.09640352
34 87.98019441 50.82365674
35 87.96692258 50.66283052
36 87.96318379 50.60689858
37 76.09965830 12.05388453
38 76.10387010 12.05275838
39 76.13566075 12.05275838
40 48.29595791 87.50261468
41 76.16781440 12.05275838
42 76.17013634 12.05275838
43 76.03817517 12.01447592
44 75.80740052 24.10523041
45 48.00046373 87.50261468
46 47.87222202 87.50264920
47 37.08235956 87.50252699
48 37.07701865 87.50267338
49 88.04766453 62.87878788
50 87.98016784 51.30678827
51 87.96488719 51.13130835
52 87.96431561 51.07031617
53 62.09622649 87.58957656
54 62.02844195 87.59112847
55 62.02616276 87.59140127
56 48.29661326 87.57840573
57 62.03019343 87.59009179
58 62.03019343 87.58957656
59 62.03019343 87.59009179
60 62.03019343 87.59009179
61 48.00533516 87.57840573
62 47.88401218 87.57954505
63 37.07113403 87.57768953
64 37.07730048 87.57687872
65 88.04725407 62.87878788
66 87.97975738 51.28560390
67 87.96319782 51.10419215
68 87.95204935 51.03787689
69 62.09632206 87.50322136
70 62.02913996 87.50346620
71 62.02723691 87.50355390
72 48.29631091 87.50261468
73 62.03058663 87.50323608
74 62.03058663 87.50322136
75 62.03058663 87.50323608
76 62.03058663 87.50323608
77 48.00571226 87.50261468
78 47.88204166 87.50264920
79 37.06954399 87.50303313
80 37.08255255 87.50250214
81 88.04717382 51.26345918
82 87.97967714 50.88299166
83 87.96054984 50.69598012
84 87.95196910 50.62898212
85 87.86764706 37.86764706
86 76.11674392 12.06714920
87 76.15160101 12.06714920
88 48.29511750 87.50261468
89 76.16311684 12.06714920
90 76.16107649 12.06714920
91 76.00915951 12.02886674
92 75.82027435 24.15290480
93 48.00109922 87.50261468
94 47.87341728 87.50264920
95 37.08252827 87.50252168
96 37.08292353 87.50248753
97 88.02033503 51.21604206
98 87.95283834 50.82476071
99 87.91670439 37.91938709
100 87.90405403 37.90421914
101 88.07994590 24.09487865
102 88.10155446 23.96150455
103 88.10155446 23.96010048
104 48.17665997 62.87878788
105 88.10155446 23.96060195
106 88.10155446 23.96153262
107 76.17483961 12.07833540
108 75.98595444 24.10523041
109 37.13235294 62.86764706
110 12.38924288 37.96217798
111 12.22164719 37.96285420
112 12.05594920 37.95374819
113 88.00739679 51.17994358
114 87.93056714 37.93137735
115 87.91746191 37.92016304
116 76.21084147 24.03694579
117 88.09734428 24.00899188
118 88.11895284 11.99946487
119 88.11895284 11.99946487
120 37.02069650 12.02107206
121 88.11895284 11.99946487
122 88.11895284 11.99946487
123 88.03934969 23.98014602
124 76.04441148 12.09637666
125 37.05162034 12.05227668
126 12.38892664 37.96234113
127 12.21179911 37.97426116
128 12.05472876 37.94805169
129 88.00739679 51.15637037
130 87.91863965 37.91937270
131 76.21082250 24.05902789
132 76.19716879 12.06867287
133 88.09734428 23.96110717
134 88.11895284 11.99946487
135 88.11895284 11.99946487
136 37.02043520 12.02107206
137 88.11895284 11.99946487
138 88.11895284 11.99946487
139 88.03934969 23.93226132
140 76.03073881 12.08405302
141 37.04247491 12.05227668
142 12.38895194 37.96227444
143 12.20843903 37.97199356
144 12.05897448 37.94798499
145 87.90368384 38.16924887
146 87.93017348 37.93849409
147 88.00988941 24.08892414
148 88.00988941 24.04303789
149 88.13133690 23.98598084
150 88.15294546 11.99946487
151 88.15294546 11.99946487
152 37.02028424 12.02078130
153 88.15294546 11.99946487
154 88.15294546 11.99946487
155 88.07334231 23.95713498
156 76.11188719 12.09637666
157 37.03719153 12.04210006
158 12.39952187 37.94883244
159 12.22650444 37.94950867
160 12.03663137 12.03660067
161 87.90368384 38.14885112
162 87.93017348 37.93791130
163 88.00988941 24.09074944
164 88.00988941 24.04486319
165 88.13133690 23.98780614
166 88.15294546 11.99946487
167 88.15294546 11.99946487
168 37.02030894 12.02083328
169 88.15294546 11.99946487
170 88.15294546 11.99946487
171 88.07334231 23.95896028
172 76.10910609 12.09637666
173 37.03805584 12.04391964
174 24.27638191 12.05203476
175 12.21029011 12.03873027
176 12.02798639 12.02342154
177 87.89139317 38.06269158
178 76.11548072 24.15094830
179 76.18793872 24.07789511
180 76.17428501 12.06815698
181 88.07994590 23.95549100
182 88.10155446 11.99946487
183 88.10155446 11.99946487
184 37.01151176 12.01412532
185 88.10155446 11.99946487
186 88.10155446 11.99946487
187 76.19674020 12.06599703
188 62.13235294 12.13235294
189 37.05135791 12.05207820
190 24.27533149 12.04327781
191 12.20747635 12.03873027
192 12.02770172 12.02342154
193 75.94866394 24.14307085
194 76.10099402 24.10427465
195 76.17345203 12.09427853
196 76.15979832 12.05622400
197 88.07994590 12.07189253
198 88.10155446 11.98608651
199 88.10155446 11.98608651
200 37.02373649 12.03118521
201 88.10155446 11.98608651
202 88.10155446 11.98608651
203 76.18225350 12.05406405
204 48.88377129 12.12121212
205 24.52228075 12.06897331
206 24.26169197 12.02887088
207 12.20648641 12.03873027
208 12.02690281 12.02342154
209 75.88842685 24.21308294
210 76.04075692 24.17428675
211 76.11321493 24.10123356
212 76.09956122 12.06931606
213 76.22538901 12.10656472
214 88.08343115 11.99946487
215 88.08343115 11.99946487
216 37.03350734 12.03386415
217 88.08343115 11.99946487
218 88.08343115 11.99946487
219 62.13235294 12.13235294
220 48.81937810 12.12121212
221 24.52250275 12.06897477
222 24.26274329 12.02892177
223 12.20420579 12.03873027
224 12.02303910 12.02342154
225 75.64133118 24.08844469
226 75.79366126 12.08477972
227 75.86611926 12.09518193
228 75.85246555 12.05712740
229 62.12129202 12.05670499
230 62.06215118 12.05670499
231 62.06175040 12.05670499
232 37.02227657 12.02231191
233 62.08307098 12.08091257
234 62.07921967 12.08091257
235 48.76721337 12.13235294
236 37.10692296 12.09567158
237 24.52401052 12.06904722
238 24.26173070 12.03145763
239 12.19261163 12.02951830
240 11.97842487 12.01570185
241 75.59078457 11.74206474
242 75.74311464 11.73020131
243 62.14260144 11.66540011
244 62.00129489 11.66540011
245 61.83773655 11.65273454
246 61.76780720 11.65273454
247 61.75377973 11.65273454
248 24.70402144 11.71514275
249 48.44292135 11.74242424
250 48.41849362 11.74242424
251 37.23862071 11.74207417
252 37.11310423 11.73052193
253 24.52027270 11.67819976
254 24.23761767 11.63665389
255 12.13825047 11.64769867
256 11.87520180 11.63503491
257 90.58277179 51.36690918
258 87.94393188 76.01027007
259 88.74226004 62.50000000
260 88.52759060 51.77385506
261 88.73749396 77.56487660
262 87.74919374 75.75251951
263 87.99556257 76.10579871
264 87.50000000 62.50000000
265 87.51906398 62.50000000
266 87.65251187 62.50000000
267 87.55719195 51.79750398
268 87.55719195 51.79750398
269 75.67766288 51.85820558
270 75.62760792 51.29593610
271 75.43509027 51.05138056
272 75.43509027 51.05138056
273 75.33451175 51.05165895
274 75.08298090 50.63285998
275 75.13916422 50.56150631
276 75.13916422 50.56150631
277 68.46160241 62.50000000
278 68.24328058 62.50000000
279 75.56670720 37.50000000
280 75.58830465 37.50000000
281 67.61723851 37.50000000
282 75.43291488 31.52035985
283 87.50000000 37.50000000
284 67.20317811 37.50000000
285 67.40568654 37.50000000
286 62.50000000 37.50000000
287 62.50000000 37.50000000
288 67.54264999 31.21379616
289 87.50000000 30.99413885
290 87.50000000 30.88609233
291 87.50000000 30.72137928
292 87.50000000 30.69839450
293 87.50000000 30.77278158
294 87.50000000 30.81001532
295 87.50000000 30.61732603
296 76.44967979 24.52014182
297 87.50000000 30.74829718
298 87.50000000 30.84867514
299 87.50000000 30.63114137
300 87.50000000 30.62473301
301 62.50000000 31.35494571
302 49.74724153 50.00000000
303 67.05037942 31.22481231
304 49.12481492 37.50000000
305 48.08319662 50.02695598
306 47.65526638 50.43129568
307 37.50000000 50.15275055
308 37.50000000 37.50000000
309 37.50000000 50.13971420
310 37.50000000 50.46726317
311 37.50000000 50.20232579
312 24.66677326 37.50000000
313 37.50000000 50.21378198
314 37.50000000 50.47862106
315 37.50000000 50.23080101
316 24.59240606 37.50000000
317 92.04702814 91.15853659
318 88.86259708 78.24052148
319 89.56824554 88.41463415
320 88.44175033 77.12496086
321 88.33397718 76.91611943
322 89.88237306 88.71951220
323 88.92160660 78.20484474
324 88.64204227 88.78826619
325 87.81487065 76.38308213
326 88.01955445 76.93661592
327 87.76413854 75.99608282
328 87.73707385 75.90819653
329 87.98563764 76.78036089
330 87.85716632 76.40929820
331 87.64889178 76.46971785
332 87.69186099 62.50000000
333 87.65925880 62.50000000
334 87.74436963 62.50000000
335 87.75129393 62.50000000
336 87.56395366 62.50000000
337 87.70080457 62.50000000
338 87.52690961 62.50000000
339 87.65844160 51.79762899
340 87.63454805 62.50000000
341 87.69021334 51.43559695
342 87.69489328 51.37888879
343 75.72245055 62.50000000
344 87.66262764 51.75838335
345 75.35231150 51.73738110
346 75.05448159 51.11113978
347 75.13051330 51.13586925
348 75.05359516 50.71471605
349 68.50051946 75.00000000
350 75.13559770 51.11144346
351 75.06166496 50.98024009
352 68.06469044 75.03371411
353 67.93182484 87.50000000
354 68.03748081 75.04641875
355 68.12302531 62.50000000
356 68.12184228 62.50000000
357 67.87125126 75.04536003
358 68.03038264 87.50000000
359 62.50000000 75.05226749
360 67.78661579 62.50000000
361 67.84445460 62.50000000
362 75.50905897 37.50000000
363 75.50905897 37.50000000
364 62.50000000 62.50000000
365 67.87595196 62.50000000
366 62.50000000 62.50000000
367 62.50000000 50.00811892
368 67.08558422 37.50000000
369 62.50000000 37.50000000
370 62.50000000 37.50000000
371 67.54870670 37.50000000
372 62.50000000 37.50000000
373 75.59451618 37.50000000
374 75.66997979 37.50000000
375 87.50000000 37.50000000
376 87.50000000 31.06709723
377 87.50000000 31.05749833
378 87.50000000 37.50000000
379 87.50000000 37.50000000
380 75.61985802 31.43718464
381 75.67936263 31.48365497
382 87.50000000 37.50000000
383 87.50000000 31.01161175
384 87.50000000 31.00559425
385 87.50000000 37.50000000
386 87.50000000 37.50000000
387 67.51986125 37.50000000
388 75.26536000 37.50000000
389 67.75040382 31.39971099
390 87.50000000 31.07408870
391 87.50000000 31.06473748
392 67.42814275 37.50000000
393 75.34949854 31.34360366
394 62.50000000 37.50000000
395 62.50000000 37.50000000
396 62.50000000 37.50000000
397 62.50000000 37.50000000
398 62.50000000 37.50000000
399 49.36106554 50.00898533
400 62.50000000 37.50000000
401 48.55772548 50.24867080
402 47.85215542 62.50000000
403 48.01110994 50.63346091
404 47.76604427 62.50000000
405 47.74227838 62.50000000
406 47.91703914 50.38728861
407 47.86851458 62.50000000
408 37.50000000 50.52248170
409 37.50000000 62.50000000
410 37.50000000 50.75442449
411 37.50000000 62.50000000
412 37.50000000 62.50000000
413 37.50000000 50.52940914
414 37.50000000 62.50000000
415 37.50000000 50.53901916
416 37.50000000 62.50000000
417 37.50000000 62.50000000
418 37.50000000 62.50000000
419 37.50000000 62.50000000
420 37.50000000 50.47927589
421 37.50000000 62.50000000
422 90.47871269 91.83335992
423 88.55816478 88.20228692
424 89.04650190 88.93720249
425 88.47624843 78.08241401
426 88.41397840 77.87520326
427 89.22630658 89.60797101
428 88.67288169 88.21316314
429 87.98408650 88.83090072
430 87.64813889 76.79202872
431 87.74873594 77.42336205
432 87.67537821 76.37491558
433 87.66514558 76.27610500
434 87.76037239 77.65258396
435 87.68734014 76.83049859
436 76.77529205 87.50000000
437 87.63117119 62.50000000
438 76.34550980 75.43546877
439 87.70187762 62.50000000
440 87.72146873 62.50000000
441 76.32544585 75.58062503
442 87.61754664 62.50000000
443 87.52392997 62.50000000
444 87.59872557 62.50000000
445 87.61964985 62.50000000
446 87.71132359 62.50000000
447 87.71548532 62.50000000
448 75.66068228 62.50000000
449 87.64462025 62.50000000
450 75.19264313 62.50000000
451 68.05623194 87.50000000
452 68.19166212 87.50000000
453 68.04901777 87.50000000
454 68.03266044 87.50000000
455 68.22960099 87.50000000
456 68.09351817 87.50000000
457 67.93456603 87.50000000
458 62.40368260 87.51056896
459 67.75389698 87.50000000
460 62.35447463 87.52596157
461 62.34024858 87.52811042
462 67.78572831 87.50000000
463 62.41464373 87.51289313
464 67.74237021 87.50000000
465 62.34815746 87.51607476
466 62.37561339 87.51732819
467 62.31113137 87.53138940
468 62.30572326 87.53214280
469 62.44938582 75.09984365
470 62.34316470 87.52184858
471 62.50000000 62.50000000
472 62.50000000 62.50000000
473 62.50000000 62.50000000
474 62.50000000 50.03089581
475 62.50000000 50.02593663
476 62.50000000 62.50000000
477 62.50000000 62.50000000
478 67.74996392 37.50000000
479 62.50000000 62.50000000
480 62.50000000 62.50000000
481 62.38079535 75.14257856
482 62.37378331 87.51801836
483 75.20661934 37.50000000
484 62.45792777 75.05032184
485 67.70582783 37.50000000
486 62.50000000 62.50000000
487 62.50000000 62.50000000
488 62.38079535 75.14257856
489 62.37378331 75.15096553
490 67.72258948 37.50000000
491 62.45792777 75.05032184
492 67.36898473 37.50000000
493 62.50000000 62.50000000
494 62.50000000 62.50000000
495 62.38079535 75.14257856
496 62.37378331 87.51801836
497 67.25543424 37.50000000
498 62.45792777 75.05032184
499 62.50000000 37.50000000
500 62.50000000 62.50000000
501 62.50000000 62.50000000
502 62.38079535 75.14257856
503 62.37378331 87.51801836
504 49.51924183 50.08289027
505 62.45792777 75.05032184
506 48.53012385 50.47026302
507 47.90601164 62.50000000
508 48.05049770 62.50000000
509 47.84047749 62.50000000
510 47.81962418 62.50000000
511 48.02154214 50.64452989
512 47.92537784 62.50000000
513 47.72392525 62.50000000
514 37.50000000 62.50000000
515 37.50000000 62.50000000
516 47.57637323 87.51988626
517 47.56847797 87.51988626
518 37.50000000 50.74984179
519 37.50000000 62.50000000
520 37.50000000 62.50000000
521 37.30347501 87.51682484
522 37.35761276 87.51632331
523 37.30650776 87.52788685
524 37.30031701 87.52859656
525 37.29349789 87.50649940
526 37.32046826 87.52058157
527 88.58213525 91.93886622
528 87.97466973 88.37714516
529 88.16415733 89.20892678
530 88.04470472 88.15767177
531 88.02653177 78.21999116
532 88.18029716 89.71563736
533 88.05511961 88.36202398
534 87.52509832 88.83231829
535 76.77384714 87.50000000
536 87.50684500 77.57089707
537 76.74758250 76.54307232
538 76.70785519 76.44366353
539 87.50836611 77.83598224
540 87.50228167 76.97444429
541 76.29395014 87.50000000
542 87.60918395 62.50000000
543 76.09874949 75.43198048
544 87.68014305 62.50000000
545 87.69716228 62.50000000
546 76.03916128 75.57597397
547 87.60211541 62.50000000
548 75.51256992 62.50000000
549 75.64672409 62.50000000
550 75.65446273 62.50000000
551 75.76707867 62.50000000
552 75.77324792 62.50000000
553 75.45064571 62.50000000
554 75.69147825 62.50000000
555 68.30895049 87.50000000
556 68.06418762 87.50000000
557 68.07165883 87.50000000
558 67.90374056 87.50000000
559 67.89342353 87.50000000
560 68.10256805 87.50000000
561 68.00975666 87.50000000
562 67.96943174 87.50000000
563 67.84026142 87.50000000
564 67.81081160 87.50000000
565 62.35820564 87.50350879
566 62.35820564 87.50350879
567 67.85068779 87.50000000
568 67.76943243 87.50000000
569 67.79971984 62.50000000
570 67.79119770 87.50000000
571 62.43699154 75.11251787
572 62.32741160 87.50490717
573 62.32467211 87.50490717
574 62.50000000 62.50000000
575 62.42055455 75.14187036
576 62.50000000 50.00866344
577 62.50000000 50.00846581
578 62.50000000 50.01104078
579 62.50000000 50.01537291
580 62.50000000 50.01547627
581 62.50000000 50.00570975
582 62.50000000 50.01166095
583 67.62305054 37.50000000
584 75.24964822 37.50000000
585 75.09078117 37.50000000
586 62.38264666 75.10531040
587 62.38264666 75.10531040
588 67.75411354 37.50000000
589 75.11347646 37.50000000
590 67.60998359 37.50000000
591 75.23168047 37.50000000
592 75.08424744 37.50000000
593 62.38264666 75.10531040
594 62.38264666 75.10531040
595 67.61882353 37.50000000
596 75.10530930 37.50000000
597 67.34285292 37.50000000
598 67.62236801 37.50000000
599 67.59292161 37.50000000
600 62.38264666 75.10531040
601 62.38264666 75.10531040
602 67.23627406 37.50000000
603 67.65815692 37.50000000
604 49.58003539 50.13436086
605 62.50000000 37.50000000
606 62.50000000 37.50000000
607 62.38264666 75.10531040
608 62.38264666 75.10531040
609 49.37005308 50.20154129
610 62.50000000 37.50000000
611 48.53948235 50.52678017
612 47.89740824 62.50000000
613 48.05439047 62.50000000
614 47.85282653 62.50000000
615 47.83173558 62.50000000
616 48.05360528 62.50000000
617 47.92784476 62.50000000
618 47.82686532 62.50000000
619 37.50000000 62.50000000
620 37.50000000 62.50000000
621 37.50000000 62.50000000
622 47.58065448 75.08067386
623 37.50000000 62.50000000
624 37.50000000 62.50000000
625 37.50000000 62.50000000
626 37.36646183 87.50869321
627 37.36939714 87.50638795
628 37.27579990 87.50880422
629 37.27012151 87.50908195
630 37.31458744 87.52852398
631 37.33532683 87.50805437
632 87.55019194 91.94308970
633 87.60497544 88.38009722
634 87.61558087 89.22153879
635 87.67451726 88.19575623
636 87.67736026 78.33819375
637 87.56008857 89.71850174
638 87.63263885 88.36721200
639 87.50411975 88.81274591
640 76.31501871 87.50000000
641 76.52935455 87.50000000
642 76.41757864 87.50000000
643 76.39839559 76.44682686
644 76.52651114 87.50000000
645 76.41425629 87.50000000
646 75.67504461 88.03492111
647 75.58254568 62.50000000
648 75.68955931 75.40770506
649 87.64243345 62.50000000
650 87.64243345 62.50000000
651 75.59005340 75.54360674
652 75.69334576 62.50000000
653 75.20421587 62.50000000
654 75.35402018 51.62135176
655 75.40004769 62.50000000
656 75.59082047 51.68674801
657 75.59933490 51.64112162
658 75.18607868 62.50000000
659 75.45113426 51.76811586
660 68.28038226 75.04315338
661 68.23890655 75.03941177
662 68.24858970 75.04787778
663 68.23477401 87.50000000
664 68.23339172 87.50000000
665 68.16290685 87.50000000
666 68.24029599 87.50000000
667 68.03448605 62.50000000
668 68.08165394 62.50000000
669 68.06254183 62.50000000
670 68.06416659 62.50000000
671 68.06538641 62.50000000
672 67.97195328 62.50000000
673 68.06986073 62.50000000
674 67.88900500 50.01775915
675 75.47514935 37.50000000
676 68.01250288 50.00443979
677 75.53455758 37.50000000
678 75.59395211 37.50000000
679 67.82735854 50.00880753
680 75.35636715 37.50000000
681 67.48024850 37.50000000
682 62.50000000 37.50000000
683 62.50000000 37.50000000
684 62.50000000 37.50000000
685 62.50000000 37.50000000
686 67.29859131 37.50000000
687 62.50000000 37.50000000
688 67.54564625 31.38670560
689 75.64263578 31.02504057
690 75.51225735 31.15390821
691 87.50000000 37.50000000
692 87.50000000 37.50000000
693 67.67993210 31.35868052
694 75.64588971 31.09317846
695 67.56235128 31.17069871
696 75.51535253 30.95607480
697 75.44603911 31.04942499
698 75.70640676 31.05313808
699 87.50000000 31.04786531
700 67.57911640 31.24088745
701 75.56239714 31.01778837
702 67.10191355 31.29243140
703 67.51018402 31.05984261
704 67.45949066 31.14161046
705 67.67309343 31.11190196
706 67.68864026 31.10534453
707 62.50000000 31.45510318
708 67.55277165 31.10226586
709 49.54358823 50.16461880
710 49.88263697 50.04233055
711 49.85655630 50.05173734
712 62.50000000 37.50000000
713 62.50000000 37.50000000
714 49.32190252 50.24457651
715 62.50000000 37.50000000
716 48.48501030 50.37425693
717 47.75692587 50.47234893
718 47.96620013 50.56272954
719 47.79200600 62.50000000
720 47.76944903 62.50000000
721 48.02293383 50.53879024
722 47.83085834 50.61189630
723 47.63835978 50.45179614
724 37.50000000 50.51253128
725 37.50000000 50.61231513
726 37.50000000 62.50000000
727 37.50000000 62.50000000
728 37.50000000 50.65274825
729 37.50000000 50.65418964
730 37.50000000 50.60358635
731 37.50000000 50.66268586
732 37.50000000 50.74844417
733 37.50000000 62.50000000
734 37.50000000 62.50000000
735 37.50000000 62.50000000
736 37.50000000 62.50000000
737 87.50957799 91.90629436
738 87.51936457 88.25326531
739 87.52317143 89.15499633
740 87.53702561 88.15767177
741 87.53761663 78.34519734
742 87.51102077 89.65743519
743 87.52671754 88.30275388
744 75.84300175 89.37222389
745 75.70206967 76.39793935
746 75.83415800 88.01060652
747 75.95970965 76.34675861
748 75.95932514 76.24286803
749 75.74003868 88.30238167
750 75.83185094 87.67020217
751 75.22996145 76.33541164
752 75.18079730 62.50000000
753 75.21753359 62.50000000
754 75.24508405 62.50000000
755 75.24454371 62.50000000
756 75.20499154 75.44513721
757 75.21429153 62.50000000
758 75.03110413 62.50000000
759 75.06418656 51.06715931
760 75.07722761 51.44580994
761 75.12435993 51.02177607
762 75.12636530 50.97455933
763 68.46656773 75.01438446
764 75.08925982 51.16250953
765 68.18502450 75.00000000
766 68.24006192 62.50000000
767 68.23798126 62.50000000
768 68.27504254 62.50000000
769 68.27734501 62.50000000
770 68.15319083 75.00000000
771 68.25179606 62.50000000
772 68.02706508 50.04572396
773 75.49835790 37.50000000
774 68.11129507 50.01143099
775 75.56895411 37.50000000
776 75.63173717 37.50000000
777 68.01124446 50.02116104
778 75.37669836 37.50000000
779 75.19923097 37.50000000
780 87.50000000 31.03400583
781 75.66028542 31.22185015
782 87.50000000 31.04574819
783 87.50000000 31.02433958
784 67.75078374 31.50400097
785 87.50000000 37.50000000
786 67.39133105 31.33339618
787 62.50000000 37.50000000
788 62.50000000 37.50000000
789 62.50000000 37.50000000
790 62.50000000 37.50000000
791 67.22566153 31.42324771
792 62.50000000 37.50000000
793 67.47396755 31.01410917
794 75.60220163 30.67474131
795 75.54356548 30.76985061
796 87.50000000 30.68442098
797 87.50000000 30.67380104
798 67.62336902 12.50000000
799 75.68536517 30.70613099
800 67.40431090 25.00000000
801 67.74982573 25.00000000
802 67.69909422 25.00000000
803 75.56674355 30.64579355
804 75.60008140 30.63762586
805 67.41868339 25.00000000
806 75.20002713 30.66732857
807 62.50000000 31.11282810
808 67.44721093 25.00000000
809 67.39348735 12.50000000
810 67.61077753 25.00000000
811 67.62671952 25.00000000
812 62.50000000 31.25716450
813 67.48913927 25.00000000
814 49.44519307 37.50000000
815 49.74324271 37.50000000
816 49.75532273 37.50000000
817 62.50000000 31.43266027
818 62.50000000 31.43535326
819 49.16476959 37.50000000
820 49.83285515 37.50000000
821 37.50000000 37.50000000
822 37.50000000 37.50000000
823 37.50000000 37.50000000
824 37.50000000 37.50000000
825 37.50000000 37.50000000
826 37.50000000 37.50000000
827 37.50000000 37.50000000
828 37.50000000 37.50000000
829 37.50000000 37.50000000
830 37.50000000 37.50000000
831 37.50000000 37.50000000
832 24.84536788 37.50000000
833 37.50000000 37.50000000
834 37.50000000 37.50000000
835 24.96440197 37.50000000
836 24.77055284 37.50000000
837 24.90685611 37.50000000
838 37.50000000 50.16567146
839 37.50000000 50.16567146
840 37.50000000 50.39721225
841 24.89246965 37.50000000
842 75.99142522 92.30536903
843 76.08859974 88.94593048
844 76.14835690 89.64141110
845 76.32410703 88.36787933
846 76.33093015 88.25205507
847 75.97434224 90.20784114
848 76.18929560 88.94646555
849 75.28066655 89.12654776
850 75.21657111 75.74609850
851 75.26253482 87.90663694
852 75.29509682 75.75056731
853 75.29430848 62.50000000
854 75.24239971 88.04218258
855 75.25780480 75.78496573
856 75.03999106 75.01469364
857 75.04381068 62.50000000
858 75.05208757 62.50000000
859 75.06930537 51.71418721
860 75.06983131 51.61450804
861 75.03830196 62.50000000
862 75.05524319 62.50000000
863 68.22406600 75.00000000
864 68.41710462 75.00000000
865 68.39995941 75.00000000
866 75.01604664 50.60063769
867 75.01604664 50.57614288
868 68.27539837 75.00000000
869 68.44570222 75.00000000
870 68.04129239 50.10305471
871 68.17910804 50.07686303
872 68.16410230 50.10282665
873 68.23986911 50.12862171
874 68.24520867 50.12861180
875 68.08248850 50.07521390
876 68.19613967 50.10276716
877 67.89136057 50.00360138
878 87.50000000 37.50000000
879 75.63890566 31.46872889
880 87.50000000 37.50000000
881 87.50000000 37.50000000
882 75.33586945 37.50000000
883 87.50000000 37.50000000
884 67.66089139 31.21978439
885 75.70502948 30.71396710
886 75.61277183 30.83901668
887 87.50000000 30.68262926
888 87.50000000 30.66607414
889 67.65125427 31.08904923
890 87.50000000 30.73968597
891 67.27716716 31.05676814
892 62.50000000 31.28925870
893 62.50000000 31.27461703
894 62.50000000 31.42099412
895 62.50000000 31.43046581
896 67.13780212 31.12004534
897 62.50000000 31.33144718
898 67.31386694 12.50000000
899 67.74581136 12.50000000
900 67.67168888 12.50000000
901 75.59472862 24.61032555
902 75.59472862 24.61032555
903 67.48799640 25.00000000
904 67.76503373 12.50000000
905 62.50000000 25.00000000
906 67.65963088 25.00000000
907 67.60524951 25.00000000
908 75.44232272 24.61056150
909 75.44232272 24.61056150
910 67.31929920 25.00000000
911 67.69232893 12.50000000
912 62.50000000 30.99819434
913 67.34562024 12.50000000
914 67.29765845 12.50000000
915 67.54354514 12.50000000
916 67.56083035 25.00000000
917 62.50000000 31.11419948
918 67.40136968 25.00000000
919 49.38421074 37.50000000
920 49.56041715 37.50000000
921 49.57142401 37.50000000
922 49.72080590 37.50000000
923 49.72894560 37.50000000
924 49.07356439 37.50000000
925 49.62026226 37.50000000
926 37.50000000 37.50000000
927 37.50000000 30.99538078
928 37.50000000 31.07365214
929 37.50000000 31.05209146
930 37.50000000 31.04621898
931 37.50000000 37.50000000
932 37.50000000 31.03841730
933 37.50000000 31.10854831
934 24.78105924 37.50000000
935 37.50000000 30.95746841
936 24.74912531 37.50000000
937 24.74912531 37.50000000
938 24.91515374 37.50000000
939 37.50000000 30.91805626
940 12.31787622 31.22655522
941 12.29079925 37.67909501
942 12.31189035 37.63817515
943 12.32855711 37.69938473
944 12.32829686 37.70539235
945 12.22154156 37.71094773
946 12.31032882 37.67422084
947 75.30343439 92.18587216
948 75.51090624 88.68172134
949 75.56806862 89.61889382
950 75.82083022 88.65873447
951 75.83233606 88.54712672
952 75.36500240 89.99804709
953 75.63710364 88.94924729
954 75.03625040 75.04973657
955 75.05039232 75.00676462
956 75.05791680 75.01602438
957 75.08145556 62.50000000
958 75.08239758 62.50000000
959 75.04221126 75.02373161
960 75.06356890 75.00759633
961 68.02384685 75.00000000
962 68.46038969 75.00000000
963 68.40673027 75.00000000
964 75.01095267 51.10272585
965 75.01095267 51.05223387
966 68.23610085 75.00000000
967 68.50655622 75.00000000
968 67.87807045 50.15488837
969 68.24484396 50.15191888
970 68.19374474 62.50000000
971 68.37596999 62.50000000
972 68.38969496 62.50000000
973 68.05473560 50.13662065
974 68.27609456 62.50000000
975 67.80667894 50.01260484
976 75.40990779 37.50000000
977 68.02478363 50.00315121
978 75.55866524 37.50000000
979 75.61564012 37.50000000
980 67.91685767 50.00540207
981 75.34184930 37.50000000
982 67.64767606 37.50000000
983 75.65898920 30.82466214
984 75.59494887 31.02168286
985 87.50000000 30.77869893
986 87.50000000 30.75281630
987 67.74198835 31.22047660
988 87.50000000 30.86638710
989 67.46820212 31.00508279
990 75.44849520 24.67021580
991 67.75026364 25.00000000
992 75.75281822 24.50176004
993 75.82348371 24.45305273
994 67.51139083 12.50000000
995 75.42399297 24.70775618
996 62.50000000 12.50000000
997 62.50000000 31.13469213
998 62.50000000 31.10906134
999 62.50000000 31.21961528
1000 62.50000000 31.22762614
1001 62.50000000 30.96042807
1002 62.50000000 31.15712654
1003 62.50000000 25.00000000
1004 67.61254119 25.00000000
1005 67.52670058 12.50000000
1006 75.44196109 24.59818577
1007 75.44196109 24.59818577
1008 67.32246027 25.00000000
1009 67.64234563 12.50000000
1010 62.50000000 12.50000000
1011 67.48359274 12.50000000
1012 67.43787015 12.50000000
1013 67.68675458 12.50000000
1014 67.70408440 25.00000000
1015 62.50000000 25.00000000
1016 67.54184910 25.00000000
1017 62.50000000 31.04371107
1018 62.50000000 12.50000000
1019 62.50000000 12.50000000
1020 67.38805898 12.50000000
1021 67.41080955 12.50000000
1022 62.50000000 31.05833530
1023 62.50000000 12.50000000
1024 49.08261688 31.11923303
1025 49.42084982 37.50000000
1026 49.39395901 37.50000000
1027 49.59719065 37.50000000
1028 49.61072726 37.50000000
1029 48.89460742 37.50000000
1030 49.47517870 37.50000000
1031 37.50000000 30.91322725
1032 37.36792346 24.73263297
1033 37.50000000 30.79470124
1034 37.34842829 24.69582268
1035 37.33174310 24.66220243
1036 37.50000000 30.91796781
1037 37.39988885 24.79827847
1038 37.46635740 24.91787645
1039 12.48726520 31.04093560
1040 24.65352559 30.97335313
1041 24.53453722 37.50000000
1042 24.51947311 37.50000000
1043 24.62078202 30.96761386
1044 24.56314096 31.06152766
1045 12.29411069 31.11079751
1046 12.28942817 31.14428511
1047 12.28277253 31.19572415
1048 12.26773650 37.66277214
1049 12.26724354 37.66277214
1050 12.21275587 31.25308717
1051 12.27981474 31.21787893
1052 68.21104692 90.62500000
1053 75.08714824 75.53296316
1054 75.09549514 75.59137436
1055 75.17442540 76.08688834
1056 75.17857736 76.11260027
1057 75.04113288 75.19423325
1058 75.12040691 75.74564593
1059 62.50000000 75.00000000
1060 68.28980057 75.00000000
1061 68.16191606 75.00000000
1062 75.01259808 62.50000000
1063 75.01259808 62.50000000
1064 67.89149614 75.00000000
1065 68.37087251 75.00000000
1066 62.50000000 62.50000000
1067 68.12606933 62.50000000
1068 68.00157824 62.50000000
1069 68.37761044 62.50000000
1070 68.40705298 62.50000000
1071 67.77617982 62.50000000
1072 68.17823352 62.50000000
1073 62.50000000 50.02728519
1074 67.99982299 50.03086301
1075 67.92472157 50.03891004
1076 68.20148498 50.05554934
1077 68.22218291 50.05605477
1078 67.75172370 50.02358435
1079 68.04890916 50.04194261
1080 62.50000000 50.00000000
1081 75.30121178 31.27285647
1082 67.76052667 37.50000000
1083 75.64866244 31.15961006
1084 75.70453740 31.11108510
1085 67.60691437 37.50000000
1086 75.33524973 31.33754566
1087 67.30350908 31.41736778
1088 67.72432850 25.00000000
1089 67.67085618 25.00000000
1090 75.63174358 24.59843406
1091 75.66890497 24.59843406
1092 67.49867990 31.02805462
1093 75.22296832 30.68358298
1094 62.50000000 25.00000000
1095 67.58369141 12.50000000
1096 67.52827265 12.50000000
1097 75.56958576 24.51447084
1098 75.56958576 24.51447084
1099 62.50000000 12.50000000
1100 67.63760006 12.50000000
1101 62.50000000 30.96969756
1102 49.06190329 30.91105741
1103 49.30060452 31.00477144
1104 49.02236125 30.93740924
1105 48.99195275 30.92793417
1106 62.50000000 12.50000000
1107 49.11815352 30.94792101
1108 62.50000000 12.50000000
1109 67.36778502 12.50000000
1110 62.50000000 25.00000000
1111 67.60726549 25.00000000
1112 67.63270033 25.00000000
1113 62.50000000 12.50000000
1114 67.42393816 12.50000000
1115 49.79773780 31.08064615
1116 62.50000000 25.00000000
1117 62.50000000 25.00000000
1118 67.42075956 25.00000000
1119 67.45283948 12.50000000
1120 62.50000000 25.00000000
1121 62.50000000 25.00000000
1122 49.43746758 31.00487267
1123 62.50000000 25.00000000
1124 49.85936689 31.01075416
1125 62.50000000 12.50000000
1126 62.50000000 12.50000000
1127 49.50669482 31.02728013
1128 62.50000000 25.00000000
1129 48.77590793 30.86810153
1130 49.26169457 30.84912324
1131 49.20947480 30.90578154
1132 49.47771748 30.99029028
1133 49.49656821 30.99192854
1134 37.50000000 30.87681734
1135 49.32257919 30.91561110
1136 37.43533786 24.82236606
1137 37.28765211 12.37156544
1138 37.31388278 12.38902775
1139 37.25034230 12.32446709
1140 37.24506165 12.31964221
1141 37.39644912 24.76701621
1142 37.28219885 12.36007847
1143 24.58250278 30.74309831
1144 12.46677826 30.71980117
1145 12.47182282 30.82013399
1146 12.45604076 30.97740622
1147 12.45481567 30.98075560
1148 12.42029632 30.85789900
1149 12.46447225 30.84023026
1150 12.35435777 30.71625881
1151 12.45326383 24.81409519
1152 12.40837026 30.63771962
1153 12.35666281 30.86157886
1154 12.35901118 30.85816411
1155 12.30444408 30.82396239
1156 12.42246048 30.61723113
1157 50.00000000 90.62500000
1158 62.50000000 75.00000000
1159 62.50000000 75.00000000
1160 68.33365383 75.00000000
1161 68.40435244 75.00000000
1162 62.50000000 75.00000000
1163 67.83353278 75.00000000
1164 50.00000000 88.67647059
1165 62.50000000 62.50000000
1166 62.50000000 62.50000000
1167 68.12838031 75.00000000
1168 68.18888789 75.00000000
1169 62.50000000 62.50000000
1170 62.50000000 75.00000000
1171 62.50000000 50.02501963
1172 62.50000000 62.50000000
1173 62.50000000 62.50000000
1174 68.04999775 50.09336345
1175 68.09183256 50.09494981
1176 62.50000000 62.50000000
1177 67.75427608 50.07102404
1178 62.50000000 50.00000000
1179 62.50000000 50.00000000
1180 62.50000000 50.00000000
1181 75.43499611 37.50000000
1182 75.43499611 37.50000000
1183 62.50000000 50.00000000
1184 62.50000000 50.00000000
1185 62.50000000 50.00000000
1186 67.47920063 31.09337248
1187 67.37381621 31.41998618
1188 67.75599050 25.00000000
1189 75.42003292 30.87316594
1190 67.16562923 37.50000000
1191 67.54589575 31.12884153
1192 62.50000000 31.45586296
1193 67.38464452 25.00000000
1194 62.50000000 12.50000000
1195 67.65656477 25.00000000
1196 67.68373857 25.00000000
1197 67.05281968 31.01030351
1198 67.45267017 12.50000000
1199 62.50000000 31.14716246
1200 62.50000000 12.50000000
1201 62.50000000 12.50000000
1202 67.53015784 12.50000000
1203 67.55808971 12.50000000
1204 62.50000000 12.50000000
1205 62.50000000 12.50000000
1206 49.32236069 37.50000000
1207 48.54443912 12.50000000
1208 37.50000000 30.81668464
1209 48.51272516 12.50000000
1210 48.48752584 12.50000000
1211 49.28893327 30.99068542
1212 48.59158044 12.50000000
1213 49.29208231 31.04761052
1214 62.50000000 25.00000000
1215 62.50000000 25.00000000
1216 62.50000000 25.00000000
1217 67.32248610 12.50000000
1218 49.69660671 30.96678989
1219 62.50000000 25.00000000
1220 49.25403066 30.96882138
1221 49.76238771 25.00000000
1222 49.75410459 30.80101771
1223 62.50000000 25.00000000
1224 62.50000000 25.00000000
1225 49.48462865 30.89827465
1226 62.50000000 25.00000000
1227 48.90568415 30.85152206
1228 49.45929561 24.99857193
1229 49.40570102 24.99927970
1230 49.72168412 24.99945508
1231 49.74342399 24.99942376
1232 49.04696256 24.99952398
1233 49.53614021 24.99909180
1234 48.39144210 12.50000000
1235 48.99410355 12.50000000
1236 48.94547151 12.50000000
1237 49.30633947 12.50000000
1238 49.33042770 12.50000000
1239 48.39914210 12.50000000
1240 49.09000092 12.50000000
1241 37.45359200 24.87060397
1242 37.38014597 24.75114357
1243 37.35788918 24.69877887
1244 37.26489553 12.35387127
1245 37.26073453 12.35387127
1246 37.44457932 24.87391585
1247 37.33292323 24.65395493
1248 24.39280846 24.86269356
1249 24.29838509 24.53879824
1250 24.32848067 24.62484444
1251 24.31102961 24.53508911
1252 24.30823275 24.52474784
1253 24.24736237 24.80049727
1254 24.31169950 24.56279684
1255 24.03913221 12.50000000
1256 12.32199843 24.27464578
1257 12.37627877 24.34766273
1258 12.33911299 24.35137165
1259 12.33373381 24.34729470
1260 12.28620994 24.23822009
1261 12.34400367 24.32320107
1262 50.00000000 91.61764706
1263 62.50000000 62.50000000
1264 50.00000000 88.52941176
1265 62.50000000 75.00000000
1266 62.50000000 75.00000000
1267 50.00000000 89.26470588
1268 62.50000000 75.00000000
1269 49.90565267 88.92958086
1270 62.50000000 62.50000000
1271 62.50000000 62.50000000
1272 62.50000000 62.50000000
1273 62.50000000 62.50000000
1274 49.96855089 87.97652695
1275 62.50000000 62.50000000
1276 49.22646773 75.00858954
1277 62.50000000 50.00971653
1278 62.50000000 50.01061219
1279 62.50000000 50.01935163
1280 62.50000000 50.01981303
1281 49.74215591 62.50000000
1282 62.50000000 50.01338058
1283 49.24534516 75.00002261
1284 62.50000000 37.50000000
1285 62.50000000 50.00000000
1286 67.45980745 37.50000000
1287 67.51430152 37.50000000
1288 49.74844839 50.49569921
1289 67.05958852 37.50000000
1290 49.24884941 62.50000000
1291 62.50000000 31.08857420
1292 62.50000000 31.41525227
1293 67.34072081 12.50000000
1294 67.38768149 25.00000000
1295 49.74961647 50.30577893
1296 62.50000000 31.09704701
1297 49.34577671 50.46182158
1298 62.50000000 25.00000000
1299 62.50000000 30.95725949
1300 62.50000000 25.00000000
1301 67.29971287 25.00000000
1302 49.78192557 37.50000000
1303 62.50000000 25.00000000
1304 49.10448019 37.50000000
1305 62.50000000 25.00000000
1306 49.77612005 30.97646013
1307 62.50000000 25.00000000
1308 62.50000000 25.00000000
1309 49.47561363 37.50000000
1310 62.50000000 25.00000000
1311 37.50000000 37.50000000
1312 37.39210885 24.75009032
1313 37.50000000 30.79806193
1314 37.34706954 12.37853133
1315 37.33172709 12.37853133
1316 37.50000000 31.00251688
1317 37.40794531 24.77756121
1318 37.50000000 37.50000000
1319 49.49781328 25.00000000
1320 49.41034211 25.00000000
1321 62.50000000 25.00000000
1322 62.50000000 25.00000000
1323 49.08644910 30.93330791
1324 49.63605180 25.00000000
1325 37.50000000 31.05231510
1326 49.21963433 25.00000000
1327 49.12504915 25.00000000
1328 49.53417532 25.00000000
1329 49.56380540 25.00000000
1330 48.85629193 30.81235601
1331 49.30282963 25.00000000
1332 37.50000000 30.86978789
1333 49.03117907 12.50000000
1334 48.94103718 12.50000000
1335 49.36544487 24.99670119
1336 49.39571249 24.99652802
1337 48.55583435 12.50000000
1338 49.12264292 12.50000000
1339 37.48572062 24.91534440
1340 48.32502030 12.50000000
1341 48.36228419 12.50000000
1342 48.92812520 12.50000000
1343 48.95921797 12.50000000
1344 37.47977087 24.86498074
1345 48.54884082 12.50000000
1346 24.71604243 30.50581686
1347 24.75493901 24.80168478
1348 24.79295101 24.89997258
1349 24.88780847 24.92432709
1350 24.89115232 24.91997807
1351 24.62126330 24.88812611
1352 24.81301411 24.87387848
1353 12.50000000 30.40533917
1354 24.28869876 12.38902984
1355 24.30738913 24.56117649
1356 24.29194920 12.35430239
1357 24.28994154 12.33920428
1358 24.22713212 24.62269729
1359 24.29534314 12.40941137
1360 24.08570108 12.50000000
1361 12.29204955 24.18286305
1362 12.34764745 24.22992694
1363 12.29063694 24.16080243
1364 12.28401292 24.15396782
1365 12.27334531 24.16891894
1366 12.30790330 24.18891927
1367 49.83379565 91.94716470
1368 49.43830209 88.29589239
1369 49.70361313 89.13486530
1370 49.82838304 87.98615154
1371 62.50000000 62.50000000
1372 49.72591680 89.72421265
1373 49.71397174 88.31025256
1374 47.69666757 75.02894406
1375 49.15741027 75.00447735
1376 49.06542216 75.00952196
1377 62.50000000 50.01792076
1378 62.50000000 50.01792076
1379 48.69351519 75.01400365
1380 49.40761081 75.00466644
1381 47.75107804 75.00007684
1382 49.18517497 75.00000917
1383 49.09035763 75.00002150
1384 62.50000000 50.00242913
1385 62.50000000 50.00242913
1386 48.72719939 75.00003621
1387 49.42517753 62.50000000
1388 47.74930910 75.00000013
1389 49.23780588 62.50000000
1390 49.10901371 62.50000000
1391 62.50000000 37.50000000
1392 62.50000000 31.37663555
1393 48.74532146 75.00000004
1394 49.44893986 50.62234041
1395 48.04695813 75.00000000
1396 49.30726469 37.50000000
1397 49.21544847 37.50000000
1398 62.50000000 25.00000000
1399 62.50000000 25.00000000
1400 48.89999984 50.69273237
1401 49.50757105 37.50000000
1402 48.11421041 62.50000000
1403 49.28359796 37.50000000
1404 49.22518392 37.50000000
1405 62.50000000 12.50000000
1406 62.50000000 25.00000000
1407 48.83409619 37.50000000
1408 49.50292729 31.07736647
1409 47.67755090 62.50000000
1410 48.83850986 30.96572775
1411 37.50000000 31.19480394
1412 49.40400711 25.00000000
1413 49.44983910 25.00000000
1414 37.50000000 37.50000000
1415 49.00667852 30.91017331
1416 37.50000000 50.60042495
1417 37.43982326 24.87168782
1418 37.50000000 30.97643749
1419 37.33561477 24.64948869
1420 37.32240524 12.40623704
1421 37.50000000 37.50000000
1422 37.42074283 24.83100348
1423 37.50000000 37.50000000
1424 48.61237704 25.00000000
1425 37.50000000 30.86534657
1426 49.14978224 25.00000000
1427 49.20206770 25.00000000
1428 37.50000000 31.15750125
1429 48.75036597 25.00000000
1430 37.50000000 37.50000000
1431 48.55049195 25.00000000
1432 48.39769501 25.00000000
1433 49.05385170 25.00000000
1434 49.10143721 25.00000000
1435 37.50000000 30.95033673
1436 48.68320806 25.00000000
1437 37.50000000 37.50000000
1438 48.31021354 12.50000000
1439 37.50000000 24.99514415
1440 48.89437941 12.50000000
1441 48.94320227 12.50000000
1442 37.49524021 24.96907979
1443 48.48023933 12.50000000
1444 24.91224815 30.95278202
1445 37.50000000 24.83143955
1446 37.50000000 24.80507255
1447 37.50000000 12.50000000
1448 37.50000000 12.50000000
1449 24.87609686 30.57680041
1450 37.50000000 24.75422191
1451 24.69020805 30.81418383
1452 24.63346275 24.69293856
1453 24.65117636 24.72678684
1454 24.64004046 24.55869497
1455 24.63834343 24.54681614
1456 24.55871688 30.44385843
1457 24.64099418 24.65551384
1458 12.50000000 30.75600864
1459 24.32313687 12.37641369
1460 24.36086256 24.53966939
1461 24.30725439 12.31910088
1462 24.30188182 12.30118997
1463 24.29775661 24.59999851
1464 24.32862708 12.39253455
1465 12.50000000 30.41339792
1466 12.27088572 24.26890303
1467 12.33385169 24.44135571
1468 12.27401238 24.20089740
1469 12.26678854 24.17660852
1470 12.26619581 24.40983425
1471 12.29050865 24.29562242
1472 25.00000000 90.62500000
1473 37.50000000 87.50000000
1474 37.50000000 87.50000000
1475 48.49937339 87.70194285
1476 48.59685651 87.71382184
1477 37.50000000 87.50000000
1478 47.68618829 87.57127395
1479 24.86650825 88.77320617
1480 37.50000000 87.50000000
1481 37.50000000 87.50000000
1482 48.42191401 75.00155572
1483 48.51340969 75.00159366
1484 37.50000000 87.50000000
1485 47.65071993 75.00110041
1486 24.09254240 76.56685759
1487 47.47699336 75.00000172
1488 37.50000000 75.00000179
1489 48.47830536 75.00000319
1490 48.57518486 75.00000327
1491 37.50000000 75.00000062
1492 47.73545061 75.00000226
1493 37.50000000 75.00000000
1494 47.74093007 75.00000000
1495 47.50044315 75.00000000
1496 48.64009087 75.00000000
1497 48.72127527 75.00000000
1498 37.50000000 75.00000000
1499 47.98754950 75.00000000
1500 37.50000000 75.00000000
1501 47.84637061 75.00000000
1502 47.69171230 75.00000000
1503 37.50000000 37.50000000
1504 48.79896995 37.50000000
1505 37.50000000 75.00000000
1506 48.11235095 62.50000000
1507 37.50000000 75.00000000
1508 47.75205663 62.50000000
1509 37.50000000 62.50000000
1510 37.50000000 37.50000000
1511 37.50000000 31.11321871
1512 37.50000000 75.00000000
1513 48.03014501 50.67105674
1514 37.50000000 75.00000000
1515 37.50000000 37.50000000
1516 37.50000000 50.52537183
1517 37.50000000 31.01093172
1518 37.50000000 30.92875920
1519 37.50000000 62.50000000
1520 37.50000000 37.50000000
1521 37.50000000 75.00000000
1522 25.00000000 37.50000000
1523 25.00000000 37.50000000
1524 25.00000000 30.75604832
1525 25.00000000 30.67947833
1526 37.50000000 50.48338957
1527 25.00000000 37.50000000
1528 37.50000000 62.50000000
1529 37.50000000 31.12288173
1530 37.50000000 37.50000000
1531 37.50000000 25.00000000
1532 48.36658296 25.00000000
1533 37.50000000 50.36259388
1534 37.50000000 31.04540836
1535 37.50000000 50.76537235
1536 37.50000000 30.81375561
1537 37.50000000 31.12782914
1538 37.50000000 25.00000000
1539 48.33177211 25.00000000
1540 25.00000000 37.50000000
1541 37.50000000 25.00000000
1542 24.35334788 50.42945121
1543 24.99505623 30.79159091
1544 24.99876406 30.96697711
1545 37.50000000 24.99794350
1546 37.50000000 24.99782253
1547 24.96910146 37.50000000
1548 37.50000000 24.99927418
1549 24.18417620 50.40406416
1550 24.97552313 30.67234403
1551 24.98765421 30.84185424
1552 24.99066014 25.00000000
1553 24.99012337 25.00000000
1554 24.88857706 37.50000000
1555 24.98443357 30.57564477
1556 24.22713340 50.52174006
1557 24.71384169 30.44525058
1558 24.77011380 30.72030966
1559 24.65748148 24.68137905
1560 24.64748643 24.68137905
1561 24.73275786 31.04944398
1562 24.71014348 30.40028452
1563 24.56239190 37.50000000
1564 24.35982930 12.39004824
1565 24.40585908 24.58509490
1566 24.33619069 12.31957569
1567 24.32938491 12.30249474
1568 12.50000000 30.63116518
1569 24.36502443 12.39751433
1570 12.50000000 30.39701337
1571 12.19076855 24.18327033
1572 12.29107670 24.40680710
1573 12.23696328 24.19189694
1574 12.22787966 24.16610595
1575 12.23922378 24.37106622
1576 12.23657497 24.25206113
1577 24.76050009 91.77747106
1578 24.08911511 88.21500210
1579 24.60345097 88.74811829
1580 37.50000000 87.50000000
1581 37.50000000 87.50000000
1582 24.57204115 89.58855977
1583 24.56418869 76.99119826
1584 22.17391187 88.98564438
1585 23.59994615 76.74067720
1586 23.72013820 77.00992778
1587 37.50000000 87.50000000
1588 37.50000000 87.50000000
1589 23.28880014 87.99521479
1590 24.10669478 76.25020166
1591 22.38370497 77.53247678
1592 23.94667876 62.50000000
1593 24.08259593 75.63311919
1594 37.50000000 75.00000044
1595 37.50000000 75.00000046
1596 23.77679458 75.84415893
1597 37.50000000 75.00000015
1598 23.13387099 76.59442057
1599 37.50000000 75.00000000
1600 37.50000000 75.00000000
1601 37.50000000 75.00000000
1602 37.50000000 75.00000000
1603 24.37795700 62.50000000
1604 37.50000000 75.00000000
1605 23.18911599 76.24997648
1606 37.50000000 75.00000000
1607 37.50000000 75.00000000
1608 37.50000000 75.00000000
1609 37.50000000 75.00000000
1610 24.39637200 62.50000000
1611 37.50000000 75.00000000
1612 23.11753059 62.50000000
1613 24.13166550 62.50000000
1614 37.50000000 75.00000000
1615 37.50000000 75.00000000
1616 37.50000000 75.00000000
1617 24.08306536 62.50000000
1618 37.50000000 75.00000000
1619 22.84512765 62.50000000
1620 23.97689516 62.50000000
1621 24.20550570 62.50000000
1622 37.50000000 75.00000000
1623 37.50000000 62.50000000
1624 23.94067427 62.50000000
1625 37.50000000 75.00000000
1626 22.74080407 62.50000000
1627 23.80173688 51.29900765
1628 23.94812361 62.50000000
1629 25.00000000 37.50000000
1630 25.00000000 37.50000000
1631 23.84751365 62.50000000
1632 24.24995350 50.88232515
1633 22.80491706 62.50000000
1634 23.97203074 50.80746239
1635 24.19423695 50.96915113
1636 25.00000000 37.50000000
1637 25.00000000 37.50000000
1638 23.92564927 62.50000000
1639 37.50000000 50.59220451
1640 22.73671759 62.50000000
1641 25.00000000 37.50000000
1642 24.43417940 50.37576981
1643 25.00000000 30.79568298
1644 25.00000000 30.70426250
1645 24.03002182 50.64417682
1646 25.00000000 37.50000000
1647 22.46332317 51.16596879
1648 23.72517407 50.99302307
1649 23.84460598 50.67909079
1650 24.99876406 31.00764134
1651 24.99876406 30.94631666
1652 23.45755781 50.85435201
1653 24.18992668 50.55737129
1654 22.55200903 62.50000000
1655 23.97183154 50.68859155
1656 24.13096014 50.58563347
1657 24.99378945 30.89342481
1658 24.99342413 30.80936011
1659 23.58365799 50.95475798
1660 24.99780804 37.50000000
1661 23.24081964 51.19498559
1662 24.88163920 37.50000000
1663 24.86312466 37.50000000
1664 24.74344140 30.45580164
1665 24.73807017 24.73961221
1666 24.41360655 50.39832853
1667 24.82741806 37.50000000
1668 23.60827439 50.66639332
1669 24.39802468 24.61408866
1670 24.53344731 30.63007649
1671 24.38406976 12.35537647
1672 24.36731681 12.35537647
1673 24.53204191 30.99303876
1674 24.43292960 24.65796738
1675 12.50000000 30.41031262
1676 11.79578503 12.34108303
1677 12.08260098 24.22328511
1678 12.06090460 12.34265033
1679 12.04275682 12.34265033
1680 12.10627471 24.27855195
1681 11.97371428 24.02066383
1682 19.31755430 92.07073446
1683 19.86010680 88.53043907
1684 20.64578100 89.43502083
1685 22.41318797 88.39146644
1686 22.47093696 88.27687019
1687 20.45052433 89.86227264
1688 20.99227492 88.74744336
1689 11.40240890 88.59484192
1690 19.24324833 87.50000000
1691 20.15895769 87.50000000
1692 22.01435701 87.50000000
1693 22.06963289 87.50000000
1694 20.17152192 87.50000000
1695 20.49061297 87.50000000
1696 20.26231995 87.50000000
1697 19.69104302 87.50000000
1698 20.82376752 87.50000000
1699 22.37147502 77.08905398
1700 22.39588578 77.05733864
1701 21.02907799 87.50000000
1702 20.97023211 87.50000000
1703 20.38010144 87.50000000
1704 19.93810209 87.50000000
1705 21.08924797 87.50000000
1706 22.76454563 76.43554122
1707 22.79537809 76.39428176
1708 21.16910651 87.50000000
1709 21.27424272 77.39256869
1710 20.37004514 77.06414045
1711 19.91605157 76.51964304
1712 21.07517086 76.11554486
1713 22.75547002 62.50000000
1714 22.78612766 62.50000000
1715 21.13454243 76.19459450
1716 21.25911669 75.87839597
1717 20.18313640 76.31827679
1718 19.66070156 75.84785821
1719 20.80385581 75.66784211
1720 22.40580267 62.50000000
1721 22.43279047 62.50000000
1722 20.89632187 75.72204500
1723 20.96578261 75.50523344
1724 20.09735620 75.68973565
1725 19.59492046 75.19524861
1726 20.72985661 75.22124607
1727 22.33229306 62.50000000
1728 22.35979308 62.50000000
1729 20.81102691 75.29499476
1730 12.50000000 62.50000000
1731 12.50000000 62.50000000
1732 12.50000000 62.50000000
1733 12.50000000 62.50000000
1734 22.27013695 62.50000000
1735 22.29643045 62.50000000
1736 12.50000000 62.50000000
1737 12.50000000 62.50000000
1738 12.30293046 62.50000000
1739 11.25760505 52.46115270
1740 11.99447378 52.36850759
1741 22.32799124 62.50000000
1742 22.35633773 51.34461039
1743 12.02017850 52.50755759
1744 11.91735961 52.05809023
1745 11.80519532 52.31870739
1746 11.19323792 51.23621271
1747 11.83532160 51.30490288
1748 22.69364840 50.62425928
1749 22.73162435 50.58018083
1750 11.83281108 51.57362963
1751 11.84285317 51.04043214
1752 11.81641988 52.96590123
1753 12.41853708 62.53482677
1754 12.28394618 62.51266428
1755 22.27788497 62.50000000
1756 22.30624303 62.50000000
1757 12.24498566 62.51160892
1758 12.40082776 62.51583035
1759 12.27299917 53.05973986
1760 12.45175826 62.50000000
1761 12.42054823 52.63097937
1762 22.53188231 62.50000000
1763 22.55632034 62.50000000
1764 12.40825248 52.51685956
1765 12.45743550 52.51912881
1766 12.41824610 52.10180359
1767 11.59835163 50.92229210
1768 21.79043808 51.08282646
1769 23.17285174 50.49020380
1770 23.20023754 50.44590045
1771 21.88080735 51.23016300
1772 21.95475290 50.81700633
1773 23.48598519 50.63043552
1774 12.50000000 31.10322980
1775 12.50000000 31.17131713
1776 24.28115802 12.28416347
1777 24.25520934 12.28416347
1778 12.50000000 37.50000000
1779 12.50000000 30.74620525
1780 11.82018476 24.17188918
1781 9.90994883 12.20136697
1782 10.88631277 12.24736483
1783 11.17242349 12.10663234
1784 11.13182036 12.09564820
1785 11.23618615 12.23902294
1786 10.64269399 12.18146000
1787 9.04176594 90.95404483
1788 10.96666082 89.01160758
1789 10.83614225 89.15521747
1790 10.47027855 89.52016478
1791 8.37792529 91.60408482
1792 11.00990233 88.92028405
1793 10.38242527 89.57488300
1794 11.23653515 88.72963712
1795 11.32368732 88.64141095
1796 10.62927587 89.34145629
1797 10.90533831 89.04552600
1798 8.38155327 91.53671734
1799 11.01930214 88.66004766
1800 10.39259460 89.41461437
1801 11.25230891 88.60067018
1802 11.33974549 88.50840484
1803 10.63361847 89.23225500
1804 10.91721408 88.86102229
1805 8.38254408 88.36143211
1806 11.02215942 87.84429423
1807 10.39527516 88.04381967
1808 11.25606169 88.00858808
1809 11.34357174 87.99477884
1810 10.63490117 87.90190878
1811 10.92033544 87.96096425
1812 8.38377527 87.50000000
1813 11.02677234 77.39000229
1814 10.39825188 87.50000000
1815 11.25869240 77.63403877
1816 11.34627833 77.56745806
1817 10.63684920 87.50000000
1818 10.92376752 87.50000000
1819 8.38882250 77.51108752
1820 11.04653790 76.22745254
1821 10.41016987 76.66769245
1822 11.26784120 76.48455340
1823 11.35572586 76.44788404
1824 10.64512014 76.52879943
1825 10.93747788 76.44767634
1826 8.41234407 75.49943294
1827 11.13885978 75.35851805
1828 10.46564166 75.45141663
1829 11.31007829 75.50882489
1830 11.39935210 75.50673722
1831 10.68373462 75.35106654
1832 11.00128451 75.43889063
1833 8.52265195 75.02663688
1834 11.57186163 75.06407250
1835 10.72576992 75.07631107
1836 11.50806977 75.12526534
1837 11.60385751 75.12742509
1838 10.86483786 75.03023646
1839 11.30049635 75.08926955
1840 7.87432478 62.50000000
1841 10.85876613 62.50000000
1842 10.24279543 62.50000000
1843 11.37743347 62.50000000
1844 11.48041045 62.50000000
1845 9.99689865 62.50000000
1846 10.86065734 62.50000000
1847 7.83408191 51.50830401
1848 10.99547319 62.50000000
1849 10.13549203 52.77522313
1850 10.97655314 53.16604088
1851 11.07661445 62.50000000
1852 10.00759767 52.02178020
1853 10.73585989 53.10572377
1854 8.81696429 76.76785714
1855 12.30391795 62.50000000
1856 11.49553571 75.48214286
1857 12.01809758 62.50000000
1858 12.01809758 62.50000000
1859 11.27232143 75.58928571
1860 12.16517857 75.16071429
1861 9.37500000 75.00000000
1862 12.17645656 62.50000000
1863 12.30878192 62.50000000
1864 12.29977218 62.50000000
1865 12.29145835 62.50000000
1866 12.37607161 62.50000000
1867 12.25889894 62.50000000
1868 8.21047661 51.31956770
1869 11.62512625 50.96927105
1870 10.76556997 51.28560175
1871 11.79456095 51.57682719
1872 11.90565196 51.57535041
1873 10.47798483 51.07037695
1874 11.43211606 51.27674107
1875 9.37500000 50.00000000
1876 11.71398920 24.30474867
1877 12.50000000 37.50000000
1878 12.50000000 37.50000000
1879 12.50000000 37.50000000
1880 12.50000000 37.50000000
1881 12.50000000 30.86248661
1882 6.42948017 12.29286344
1883 7.27274562 12.24550065
1884 7.93724698 12.22350977
1885 9.71618467 12.15025749
1886 9.78173975 12.14724211
1887 7.87072487 12.24657702
1888 8.33057745 12.20541751
