1 55.00000000 41.82876080
2 100.00000000 100.00000000
3 42.80303030 63.21533989
4 57.77881892 87.50000000
5 68.08535106 89.28571429
6 70.38556086 13.60727948
7 68.51056086 38.35924617
8 60.33890215 16.63730606
9 86.26508694 37.50000000
10 40.00000000 41.88374103
11 43.75000000 19.90381409
12 86.26508694 12.50000000
13 87.50000000 12.50000000
14 29.96552499 25.00000000
15 23.50708973 37.50000000
16 100.00000000 75.00000000
17 87.50000000 100.00000000
18 28.12500000 90.62500000
19 18.81213238 63.30690759
20 87.50000000 37.50000000
21 30.22035090 40.53546422
22 9.37500000 63.30690759
23 8.33333333 91.66666667
24 44.03409091 87.50000000
25 20.35714286 90.00000000
26 82.19248307 66.76404580
27 28.97291550 63.42492490
28 22.01417945 22.82608696
29 64.37525526 64.77809160
30 57.50000000 64.88161296
31 9.37500000 21.60326087
32 9.72222222 41.93305509
